MeshAnim
1
59
53
30
-0.73071650 -0.00201193 0.68267800 0.00000000
0.05147715 0.99698630 0.05803771 0.00000000
-0.68073740 0.07755143 -0.72841080 0.00000000
-0.00291860 0.39555750 0.00527716 1.00000000

0.50419910 -0.21782850 -0.83566390 0.00000000
-0.24641600 -0.96372520 0.10253420 0.00000000
-0.82768500 0.15422330 -0.53958570 0.00000000
-0.05961072 0.34095100 0.06276581 1.00000000

0.84612260 0.15382620 -0.51030830 0.00000000
-0.14027040 -0.85942660 -0.49164070 0.00000000
-0.51419940 0.48756930 -0.70560270 0.00000000
0.05697700 0.34144350 -0.04910301 1.00000000

-0.93719970 0.01877049 0.34828790 0.00000000
-0.11500020 0.92608550 -0.35936150 0.00000000
-0.32928960 -0.37684660 -0.86576840 0.00000000
-0.01227755 0.92806550 -0.07394373 1.00000000

-0.93977260 0.01723476 0.34136560 0.00000000
-0.12175960 0.91632900 -0.38146530 0.00000000
-0.31937760 -0.40005520 -0.85904230 0.00000000
0.00220356 0.87437600 -0.03136685 1.00000000

-0.16419180 -0.17643540 -0.97052130 0.00000000
0.39934030 -0.91153380 0.09815192 0.00000000
-0.90198020 -0.37145250 0.22012400 0.00000000
0.18202520 0.81129810 -0.06460808 1.00000000

-0.28133110 -0.33926560 -0.89763680 0.00000000
0.92031960 -0.36031950 -0.15225600 0.00000000
-0.27178060 -0.86894710 0.41360190 0.00000000
0.06232911 0.85816090 -0.04480578 1.00000000

-0.94228100 0.01551358 0.33446320 0.00000000
-0.09003855 0.95038930 -0.29774720 0.00000000
-0.32248940 -0.31067620 -0.89413690 0.00000000
0.01542396 0.73483010 0.01235150 1.00000000

-0.87392200 0.03357242 0.48490540 0.00000000
-0.02386960 0.99344410 -0.11180010 0.00000000
-0.48547980 -0.10927910 -0.86739120 0.00000000
0.01853932 0.60517000 0.02694318 1.00000000

0.69604080 0.12436180 -0.70715050 0.00000000
0.19297030 -0.98105040 0.01740792 0.00000000
-0.69158510 -0.14857580 -0.70684880 0.00000000
-0.00304444 -0.02630365 -0.25947520 1.00000000

0.73087570 0.08043977 -0.67775410 0.00000000
-0.52861870 -0.56142300 -0.63668410 0.00000000
-0.43172130 0.82361040 -0.36780820 0.00000000
0.07833836 -0.44004930 -0.25213360 1.00000000

0.74017230 -0.00475029 -0.67240090 0.00000000
-0.67186220 0.03540550 -0.73982950 0.00000000
0.02732108 0.99936200 0.02301462 0.00000000
-0.00720420 -0.53090040 -0.35516360 1.00000000

-0.78231040 0.01726629 0.62264930 0.00000000
0.07374144 0.99515330 0.06505444 0.00000000
-0.61850830 0.09680784 -0.77979210 0.00000000
0.01011795 0.49152210 0.01951388 1.00000000

-0.44901440 0.54180280 -0.71051830 0.00000000
0.05608702 -0.77652750 -0.62758210 0.00000000
-0.89176240 -0.32164420 0.31828400 0.00000000
0.28409980 0.57830280 -0.03951970 1.00000000

-0.71993940 0.33749830 -0.60645060 0.00000000
0.31300160 -0.62200670 -0.71773090 0.00000000
-0.61944900 -0.70654280 0.34216970 0.00000000
0.29722640 0.39656360 -0.18639960 1.00000000

-0.87070310 0.44348990 -0.21258710 0.00000000
-0.27709330 -0.79948820 -0.53295220 0.00000000
-0.40631960 -0.40513670 0.81900470 0.00000000
0.28153900 0.37336490 -0.22797350 1.00000000

-0.70574740 0.26652220 -0.65641980 0.00000000
-0.03221458 -0.93765370 -0.34607440 0.00000000
-0.70773080 -0.22309480 0.67033270 0.00000000
0.33872580 0.29837320 -0.30170140 1.00000000

-0.70570370 0.26946770 -0.65526320 0.00000000
-0.03444685 -0.93680610 -0.34814940 0.00000000
-0.70766910 -0.22311840 0.67038970 0.00000000
0.33763700 0.26876130 -0.31270600 1.00000000

-0.70677750 0.25772520 -0.65881970 0.00000000
0.23997500 -0.78871720 -0.56598350 0.00000000
-0.66549030 -0.55812470 0.49559990 0.00000000
0.33041920 0.32546880 -0.28234140 1.00000000

-0.75519420 0.44919820 -0.47739180 0.00000000
-0.02950811 -0.75084330 -0.65982090 0.00000000
-0.65483670 -0.48420590 0.58028770 0.00000000
0.31163920 0.29251680 -0.33867060 1.00000000

-0.75521160 0.45195040 -0.47475950 0.00000000
-0.03237960 -0.74912950 -0.66163170 0.00000000
-0.65468080 -0.48429950 0.58038530 0.00000000
0.31268830 0.31556700 -0.31825320 1.00000000

-0.75730620 0.47287820 -0.45041530 0.00000000
0.12944010 -0.56732790 -0.81325560 0.00000000
-0.64010350 -0.67418530 0.36843150 0.00000000
0.30824390 0.33438900 -0.29153290 1.00000000

-0.64855860 0.12136820 -0.75142640 0.00000000
0.11398250 -0.96058880 -0.25352980 0.00000000
-0.75258190 -0.25007840 0.60916420 0.00000000
0.35604950 0.31734780 -0.24677790 1.00000000

-0.66373090 0.17957450 -0.72609530 0.00000000
0.11077300 -0.93644860 -0.33285660 0.00000000
-0.73972320 -0.30135890 0.60165800 0.00000000
0.34720630 0.31645810 -0.26942460 1.00000000

-0.66413350 0.20383630 -0.71928960 0.00000000
-0.31426480 -0.94909840 0.02120617 0.00000000
-0.67835400 0.24013120 0.69438670 0.00000000
0.35018230 0.29094190 -0.27854620 1.00000000

-0.65438590 0.18522370 -0.73312460 0.00000000
-0.42506070 -0.89195870 0.15405590 0.00000000
-0.62538190 0.41243440 0.66241640 0.00000000
0.35922120 0.29106940 -0.25364760 1.00000000

-0.65497240 0.18389610 -0.73293500 0.00000000
-0.42410310 -0.89222880 0.15512800 0.00000000
-0.62541810 0.41244440 0.66237580 0.00000000
0.34987650 0.27150560 -0.25028900 1.00000000

-0.66408570 0.20396700 -0.71929680 0.00000000
-0.31435700 -0.94907030 0.02110556 0.00000000
-0.67835820 0.24013190 0.69438240 0.00000000
0.34197030 0.26606570 -0.27796600 1.00000000

-0.83859410 0.51757320 -0.16993560 0.00000000
-0.34898280 -0.74994470 -0.56195570 0.00000000
-0.41829520 -0.41194820 0.80952320 0.00000000
0.26695420 0.34326660 -0.25009780 1.00000000

-0.77327190 0.62907000 -0.07950905 0.00000000
-0.47648970 -0.65923660 -0.58169080 0.00000000
-0.41833950 -0.41192020 0.80951460 0.00000000
0.25407830 0.31646230 -0.27039120 1.00000000

0.20762470 0.33863310 0.91772520 0.00000000
-0.83640690 -0.42504400 0.34606520 0.00000000
0.50726260 -0.83944340 0.19498540 0.00000000
-0.05356561 0.85982020 -0.00422752 1.00000000

0.60782900 0.45128530 0.65336470 0.00000000
-0.16068060 -0.73588510 0.65776510 0.00000000
0.77764120 -0.50479170 -0.37477960 0.00000000
-0.16234820 0.80453930 0.04078147 1.00000000

0.36359750 -0.27274810 -0.89073310 0.00000000
0.29151620 -0.87483940 0.38687830 0.00000000
-0.88476850 -0.40033120 -0.23857880 0.00000000
-0.16501740 -0.07129112 0.10662570 1.00000000

0.21496950 0.02626100 -0.97626770 0.00000000
-0.97649770 0.02165453 -0.21443760 0.00000000
0.01550936 0.99942080 0.03029892 0.00000000
-0.17302760 -0.53146370 0.23857930 1.00000000

0.28469960 -0.08181039 -0.95511960 0.00000000
-0.80545460 -0.56067330 -0.19206350 0.00000000
-0.51979710 0.82398600 -0.22551790 0.00000000
-0.04205681 -0.44029550 0.26980970 1.00000000

0.46177000 -0.20800220 0.86226650 0.00000000
-0.42021120 -0.90740560 0.00614488 0.00000000
0.78114730 -0.36517140 -0.50641760 0.00000000
-0.20343590 0.61636570 0.20897900 1.00000000

0.21900900 -0.24800580 0.94367800 0.00000000
-0.25296410 -0.94852100 -0.19057050 0.00000000
0.94236100 -0.19697990 -0.27047120 0.00000000
-0.30177240 0.40401720 0.21041690 1.00000000

0.22598570 -0.27469930 0.93459660 0.00000000
-0.06313131 -0.96152930 -0.26735030 0.00000000
0.97208270 0.00141511 -0.23463390 0.00000000
-0.33668850 0.29124690 0.17910870 1.00000000

0.20352230 -0.61588480 0.76109430 0.00000000
0.06858277 -0.76648690 -0.63858800 0.00000000
0.97666540 0.18216490 -0.11375820 0.00000000
-0.30692580 0.37032870 0.17218670 1.00000000

0.23291170 -0.29080720 0.92799970 0.00000000
0.43615420 -0.82165550 -0.36694920 0.00000000
0.86920750 0.49021790 -0.06453642 0.00000000
-0.32478450 0.23125030 0.15809500 1.00000000

0.23155150 -0.28794980 0.92923050 0.00000000
0.43694280 -0.82263710 -0.36379870 0.00000000
0.86917500 0.49025870 -0.06466541 0.00000000
-0.33884840 0.25774890 0.16995790 1.00000000

0.22508930 -0.27573870 0.93450670 0.00000000
0.08544374 -0.94983850 -0.30084270 0.00000000
0.97058450 0.14756430 -0.19023840 0.00000000
-0.34743770 0.26645850 0.14478170 1.00000000

0.22510130 -0.27594850 0.93444200 0.00000000
0.08539398 -0.94977800 -0.30104820 0.00000000
0.97058610 0.14756220 -0.19023190 0.00000000
-0.34501230 0.23934860 0.13612780 1.00000000

0.22382020 -0.30523290 0.92560120 0.00000000
-0.20754580 -0.94283870 -0.26073040 0.00000000
0.95227570 -0.13374780 -0.27437620 0.00000000
-0.34099420 0.29588670 0.15279980 1.00000000

0.20363360 -0.18227100 0.96193060 0.00000000
0.10450710 -0.97285700 -0.20646470 0.00000000
0.97345350 0.14257180 -0.17905790 0.00000000
-0.33160020 0.28479930 0.19889990 1.00000000

0.21769120 -0.22394200 0.94997930 0.00000000
0.66665820 -0.67678020 -0.31230700 0.00000000
0.71286570 0.70129780 0.00196353 0.00000000
-0.32864390 0.25734260 0.19311000 1.00000000

0.22073700 -0.22711540 0.94852200 0.00000000
0.66564260 -0.67573490 -0.31670500 0.00000000
0.71287800 0.70128540 0.00201789 0.00000000
-0.31074310 0.23917030 0.18464210 1.00000000

0.20123760 -0.13352420 0.97039930 0.00000000
0.15361700 -0.97410600 -0.16589070 0.00000000
0.96742210 0.18245330 -0.17551510 0.00000000
-0.32411900 0.28987130 0.22078980 1.00000000

0.23363220 -0.23766250 0.94283220 0.00000000
0.73219240 -0.59502240 -0.33142520 0.00000000
0.63977360 0.76776620 0.03499815 0.00000000
-0.32004670 0.26413960 0.21648790 1.00000000

0.23452070 -0.23848520 0.94240380 0.00000000
0.73189210 -0.59471730 -0.33263370 0.00000000
0.63979220 0.76774750 0.03507197 0.00000000
-0.30432450 0.25136560 0.20931280 1.00000000

0.17974590 -0.38567730 0.90495550 0.00000000
0.12116370 -0.90425400 -0.40944420 0.00000000
0.97622270 0.18324370 -0.11580580 0.00000000
-0.30500310 0.34173470 0.14290500 1.00000000

0.20504440 -0.53232300 0.82133380 0.00000000
0.08767639 -0.82580010 -0.55710610 0.00000000
0.97481780 0.18624310 -0.12265360 0.00000000
-0.30079120 0.30995160 0.12811970 1.00000000

-1.00000000 0.00000000 0.00000000 0.00000000
0.00000000 1.00000000 0.00000000 0.00000000
0.00000000 0.00000000 -1.00000000 0.00000000
0.00000000 -0.53900000 0.00000000 1.00000000

-0.73042460 -0.00201377 0.68299050 0.00000000
0.05171985 0.99696130 0.05825134 0.00000000
-0.68103240 0.07787237 -0.72810090 0.00000000
-0.00279070 0.39564650 0.00537482 1.00000000

0.50381740 -0.21789870 -0.83587600 0.00000000
-0.24642910 -0.96370540 0.10268860 0.00000000
-0.82791360 0.15424780 -0.53922780 0.00000000
-0.05947015 0.34103880 0.06287484 1.00000000

0.84593610 0.15380040 -0.51062500 0.00000000
-0.14027520 -0.85961680 -0.49130630 0.00000000
-0.51450480 0.48724170 -0.70560640 0.00000000
0.05706978 0.34153230 -0.04904379 1.00000000

-0.93705120 0.01893333 0.34867840 0.00000000
-0.11496230 0.92613600 -0.35924350 0.00000000
-0.32972520 -0.37671440 -0.86566030 0.00000000
-0.01203647 0.92819460 -0.07364514 1.00000000

-0.93962380 0.01737880 0.34176770 0.00000000
-0.12167980 0.91647590 -0.38113760 0.00000000
-0.31984550 -0.39971220 -0.85902800 0.00000000
0.00244850 0.87448870 -0.03109057 1.00000000

-0.16512800 -0.17595790 -0.97044920 0.00000000
0.39940760 -0.91159290 0.09732473 0.00000000
-0.90177950 -0.37153380 0.22080840 0.00000000
0.18224120 0.81139880 -0.06447563 1.00000000

-0.28199700 -0.33877600 -0.89761280 0.00000000
0.92018130 -0.36031620 -0.15309690 0.00000000
-0.27155890 -0.86913930 0.41334340 0.00000000
0.06256301 0.85826120 -0.04456396 1.00000000

-0.94213190 0.01564087 0.33487720 0.00000000
-0.08986006 0.95057520 -0.29720710 0.00000000
-0.32297450 -0.31010040 -0.89416180 0.00000000
0.01564269 0.73491530 0.01254845 1.00000000

-0.87370600 0.03363558 0.48529010 0.00000000
-0.02362307 0.99349600 -0.11138990 0.00000000
-0.48588030 -0.10878610 -0.86722890 0.00000000
0.01872587 0.60524850 0.02708660 1.00000000

0.69588290 0.12457930 -0.70726750 0.00000000
0.19284840 -0.98108240 0.01693457 0.00000000
-0.69177790 -0.14818000 -0.70674340 0.00000000
-0.00295377 -0.02629626 -0.25927290 1.00000000

0.73071620 0.08045665 -0.67792400 0.00000000
-0.52874110 -0.56145940 -0.63655040 0.00000000
-0.43184150 0.82358390 -0.36772670 0.00000000
0.07837766 -0.44005550 -0.25213100 1.00000000

0.74001760 -0.00473289 -0.67257100 0.00000000
-0.67203400 0.03536063 -0.73967570 0.00000000
0.02728340 0.99936370 0.02298697 0.00000000
-0.00718473 -0.53091250 -0.35513930 1.00000000

-0.78204170 0.01728532 0.62298630 0.00000000
0.07401808 0.99511630 0.06530532 0.00000000
-0.61881510 0.09718373 -0.77950200 0.00000000
0.01027290 0.49160490 0.01962864 1.00000000

-0.44967150 0.54242880 -0.70962430 0.00000000
0.05524886 -0.77606660 -0.62822630 0.00000000
-0.89148380 -0.32170150 0.31900640 0.00000000
0.28433290 0.57838850 -0.03959868 1.00000000

-0.72033600 0.33823940 -0.60556630 0.00000000
0.31167080 -0.62211020 -0.71822020 0.00000000
-0.61965910 -0.70609730 0.34270890 0.00000000
0.29726340 0.39675710 -0.18662940 1.00000000

-0.87135510 0.44256230 -0.21184600 0.00000000
-0.27733360 -0.80042130 -0.53142480 0.00000000
-0.40475450 -0.40430770 0.82018850 0.00000000
0.28150970 0.37358090 -0.22819070 1.00000000

-0.70632140 0.26752000 -0.65539570 0.00000000
-0.03429417 -0.93768630 -0.34578680 0.00000000
-0.70706020 -0.22176040 0.67148220 0.00000000
0.33852720 0.29854700 -0.30199460 1.00000000

-0.70627090 0.27046560 -0.65423970 0.00000000
-0.03652835 -0.93683530 -0.34785840 0.00000000
-0.70699860 -0.22178410 0.67153920 0.00000000
0.33737270 0.26893420 -0.31299000 1.00000000

-0.70736600 0.25871340 -0.65780010 0.00000000
0.23799880 -0.78909890 -0.56628570 0.00000000
-0.66557500 -0.55712690 0.49660830 0.00000000
0.33028840 0.32565580 -0.28262420 1.00000000

-0.75536510 0.44988980 -0.47646910 0.00000000
-0.03190139 -0.75147960 -0.65898470 0.00000000
-0.65452740 -0.48257410 0.58199350 0.00000000
0.31135770 0.29267490 -0.33889160 1.00000000

-0.75537330 0.45264490 -0.47383950 0.00000000
-0.03477347 -0.74976300 -0.66079220 0.00000000
-0.65437160 -0.48266790 0.58209100 0.00000000
0.31248060 0.31574450 -0.31850000 1.00000000

-0.75739380 0.47359220 -0.44951660 0.00000000
0.12719030 -0.56823720 -0.81297560 0.00000000
-0.64045080 -0.67291670 0.37014290 0.00000000
0.30811030 0.33459670 -0.29178880 1.00000000

-0.64932730 0.12225580 -0.75061820 0.00000000
0.11222120 -0.96078710 -0.25356450 0.00000000
-0.75218360 -0.24888160 0.61014540 0.00000000
0.35595190 0.31750540 -0.24709130 1.00000000

-0.66445310 0.18056800 -0.72518790 0.00000000
0.10909900 -0.93653900 -0.33315540 0.00000000
-0.73932360 -0.30048330 0.60258620 0.00000000
0.34708240 0.31662800 -0.26972820 1.00000000

-0.66481110 0.20483820 -0.71837860 0.00000000
-0.31570350 -0.94861040 0.02167590 0.00000000
-0.67702120 0.24120510 0.69531460 0.00000000
0.35001280 0.29110940 -0.27885790 1.00000000

-0.65502690 0.18613950 -0.73231970 0.00000000
-0.42645470 -0.89114060 0.15493600 0.00000000
-0.62376000 0.41378830 0.66310080 0.00000000
0.35907540 0.29122140 -0.25396200 1.00000000

-0.65561530 0.18481330 -0.73212880 0.00000000
-0.42549640 -0.89141200 0.15600700 0.00000000
-0.62379610 0.41379860 0.66306060 0.00000000
0.34970010 0.27167550 -0.25058410 1.00000000

-0.66476290 0.20496890 -0.71838580 0.00000000
-0.31579580 -0.94858190 0.02157553 0.00000000
-0.67702530 0.24120590 0.69531040 0.00000000
0.34176310 0.26624610 -0.27826540 1.00000000

-0.83923460 0.51672760 -0.16934600 0.00000000
-0.34930400 -0.75097000 -0.56038460 0.00000000
-0.41673990 -0.41114090 0.81073500 0.00000000
0.26691260 0.34344160 -0.25025120 1.00000000

-0.77385400 0.62839620 -0.07917383 0.00000000
-0.47690780 -0.66038220 -0.58004700 0.00000000
-0.41678420 -0.41111300 0.81072640 0.00000000
0.25402490 0.31660010 -0.27048770 1.00000000

0.20854790 0.33811890 0.91770550 0.00000000
-0.83683560 -0.42395030 0.34637030 0.00000000
0.50617590 -0.84020340 0.19453600 0.00000000
-0.05331371 0.85993650 -0.00393493 1.00000000

0.60822700 0.45052240 0.65352090 0.00000000
-0.16114600 -0.73609040 0.65742150 0.00000000
0.77723360 -0.50517370 -0.37511020 0.00000000
-0.16215200 0.80479780 0.04111378 1.00000000

0.36344920 -0.27252700 -0.89086150 0.00000000
0.29122130 -0.87509780 0.38651570 0.00000000
-0.88492670 -0.39991660 -0.23868770 0.00000000
-0.16488240 -0.07119483 0.10680080 1.00000000

0.21498450 0.02625989 -0.97626460 0.00000000
-0.97649380 0.02169541 -0.21445130 0.00000000
0.01554894 0.99941990 0.03030683 0.00000000
-0.17302020 -0.53147100 0.23859890 1.00000000

0.28470990 -0.08181445 -0.95511630 0.00000000
-0.80547450 -0.56063950 -0.19207930 0.00000000
-0.51976100 0.82400860 -0.22551900 0.00000000
-0.04204620 -0.44030830 0.26983190 1.00000000

0.46113380 -0.20860980 0.86246020 0.00000000
-0.42017810 -0.90742700 0.00517146 0.00000000
0.78154080 -0.36477150 -0.50609860 0.00000000
-0.20335870 0.61657160 0.20922340 1.00000000

0.21899830 -0.24837770 0.94358280 0.00000000
-0.25346170 -0.94834140 -0.19080380 0.00000000
0.94222990 -0.19737630 -0.27063940 0.00000000
-0.30168760 0.40421830 0.21043360 1.00000000

0.22596030 -0.27507220 0.93449310 0.00000000
-0.06364474 -0.96142320 -0.26760990 0.00000000
0.97205530 0.00099378 -0.23475040 0.00000000
-0.33666380 0.29147430 0.17909810 1.00000000

0.20482050 -0.61478810 0.76163270 0.00000000
0.06676951 -0.76754100 -0.63751300 0.00000000
0.97651960 0.18142960 -0.11615910 0.00000000
-0.30686240 0.37054300 0.17219450 1.00000000

0.23285730 -0.29114090 0.92790880 0.00000000
0.43481480 -0.82228970 -0.36711800 0.00000000
0.86989280 0.48895450 -0.06488386 0.00000000
-0.32482090 0.23146080 0.15806990 1.00000000

0.23150160 -0.28828140 0.92914000 0.00000000
0.43560320 -0.82327250 -0.36396780 0.00000000
0.86986030 0.48899540 -0.06501278 0.00000000
-0.33884160 0.25797980 0.16993840 1.00000000

0.22507530 -0.27639650 0.93431600 0.00000000
0.08296493 -0.95000120 -0.30102260 0.00000000
0.97080280 0.14526820 -0.19089080 0.00000000
-0.34747130 0.26670880 0.14476940 1.00000000

0.22508670 -0.27660620 0.93425110 0.00000000
0.08291508 -0.94994040 -0.30122800 0.00000000
0.97080450 0.14526600 -0.19088410 0.00000000
-0.34511670 0.23959440 0.13611030 1.00000000

0.22374100 -0.30585690 0.92541440 0.00000000
-0.20938910 -0.94239910 -0.26084550 0.00000000
0.95189080 -0.13540980 -0.27489640 0.00000000
-0.34097040 0.29612340 0.15279110 1.00000000

0.20364650 -0.18248010 0.96188870 0.00000000
0.10404750 -0.97287880 -0.20659340 0.00000000
0.97350010 0.14215410 -0.17913670 0.00000000
-0.33157630 0.28501850 0.19888700 1.00000000

0.21764760 -0.22411870 0.94994770 0.00000000
0.66584230 -0.67753780 -0.31240440 0.00000000
0.71364110 0.70050940 0.00176317 0.00000000
-0.32863280 0.25756110 0.19309340 1.00000000

0.22068950 -0.22729550 0.94849000 0.00000000
0.66482720 -0.67649180 -0.31680260 0.00000000
0.71365320 0.70049670 0.00181755 0.00000000
-0.31075410 0.23936840 0.18462290 1.00000000

0.20128720 -0.13389460 0.97033800 0.00000000
0.15310960 -0.97413640 -0.16617990 0.00000000
0.96749210 0.18201800 -0.17558070 0.00000000
-0.32409010 0.29008050 0.22077750 1.00000000

0.23366060 -0.23806890 0.94272270 0.00000000
0.73205350 -0.59503410 -0.33171080 0.00000000
0.63992220 0.76763110 0.03524294 0.00000000
-0.32003100 0.26434830 0.21646780 1.00000000

0.23454890 -0.23889180 0.94229380 0.00000000
0.73175320 -0.59472880 -0.33291910 0.00000000
0.63994070 0.76761220 0.03531674 0.00000000
-0.30431200 0.25157390 0.20928660 1.00000000

0.18084620 -0.38434900 0.90530140 0.00000000
0.12089180 -0.90481140 -0.40829070 0.00000000
0.97605310 0.18328150 -0.11716710 0.00000000
-0.30501910 0.34190120 0.14295440 1.00000000

0.20608100 -0.53110860 0.82186010 0.00000000
0.08722174 -0.82657530 -0.55602650 0.00000000
0.97464010 0.18627070 -0.12401760 0.00000000
-0.30081710 0.31009800 0.12820960 1.00000000

-1.00000000 0.00000000 0.00000000 0.00000000
0.00000000 1.00000000 0.00000000 0.00000000
0.00000000 0.00000000 -1.00000000 0.00000000
0.00000000 -0.53900000 0.00000000 1.00000000

-0.73015130 -0.00201228 0.68328260 0.00000000
0.05196005 0.99693660 0.05846016 0.00000000
-0.68130700 0.07818817 -0.72781000 0.00000000
-0.00265669 0.39574040 0.00543536 1.00000000

0.50346030 -0.21800420 -0.83606340 0.00000000
-0.24630120 -0.96370790 0.10297000 0.00000000
-0.82816880 0.15408210 -0.53888330 0.00000000
-0.05932498 0.34113180 0.06294550 1.00000000

0.84576400 0.15374810 -0.51092540 0.00000000
-0.14027410 -0.85982460 -0.49094270 0.00000000
-0.51478770 0.48689130 -0.70564190 0.00000000
0.05717021 0.34162570 -0.04901969 1.00000000

-0.93690680 0.01908744 0.34905770 0.00000000
-0.11492810 0.92618600 -0.35912530 0.00000000
-0.33014710 -0.37658330 -0.86555640 0.00000000
-0.01178229 0.92833570 -0.07336281 1.00000000

-0.93947890 0.01751443 0.34215910 0.00000000
-0.12158810 0.91664090 -0.38076980 0.00000000
-0.32030600 -0.39932770 -0.85903520 0.00000000
0.00270560 0.87461100 -0.03083282 1.00000000

-0.16580590 -0.17549350 -0.97041770 0.00000000
0.39974140 -0.91152950 0.09654418 0.00000000
-0.90150740 -0.37190840 0.22128910 0.00000000
0.18249920 0.81158370 -0.06435595 1.00000000

-0.28232580 -0.33821370 -0.89772140 0.00000000
0.92027520 -0.35973890 -0.15388850 0.00000000
-0.27089800 -0.86959720 0.41281340 0.00000000
0.06280886 0.85837110 -0.04434132 1.00000000

-0.94198650 0.01576041 0.33528050 0.00000000
-0.08965496 0.95078930 -0.29658320 0.00000000
-0.32345530 -0.30943700 -0.89421770 0.00000000
0.01586967 0.73500640 0.01271462 1.00000000

-0.87349960 0.03369033 0.48565770 0.00000000
-0.02335782 0.99355310 -0.11093450 0.00000000
-0.48626420 -0.10824510 -0.86708130 0.00000000
0.01891824 0.60533200 0.02719332 1.00000000

0.69574050 0.12474560 -0.70737800 0.00000000
0.19273790 -0.98111070 0.01654883 0.00000000
-0.69195180 -0.14785230 -0.70664170 0.00000000
-0.00285282 -0.02629179 -0.25909330 1.00000000

0.73057130 0.08045347 -0.67808040 0.00000000
-0.52885100 -0.56151210 -0.63641260 0.00000000
-0.43195190 0.82354810 -0.36767680 0.00000000
0.07843193 -0.44006280 -0.25211400 1.00000000

0.73987730 -0.00473541 -0.67272510 0.00000000
-0.67218980 0.03529696 -0.73953710 0.00000000
0.02724724 0.99936560 0.02293240 0.00000000
-0.00714823 -0.53092840 -0.35510010 1.00000000

-0.78178970 0.01730421 0.62330200 0.00000000
0.07429627 0.99507870 0.06556213 0.00000000
-0.61910010 0.09756482 -0.77922800 0.00000000
0.01043350 0.49169260 0.01970603 1.00000000

-0.45041160 0.54305570 -0.70867470 0.00000000
0.05458644 -0.77551320 -0.62896720 0.00000000
-0.89115080 -0.32197810 0.31965680 0.00000000
0.28467630 0.57858960 -0.03967853 1.00000000

-0.72080830 0.33889340 -0.60463770 0.00000000
0.30995540 -0.62264840 -0.71849620 0.00000000
-0.61997030 -0.70530860 0.34376830 0.00000000
0.29745170 0.39708780 -0.18688260 1.00000000

-0.87186690 0.44187960 -0.21116520 0.00000000
-0.27789660 -0.80141400 -0.52963140 0.00000000
-0.40326400 -0.40308580 0.82152310 0.00000000
0.28161320 0.37391850 -0.22841560 1.00000000

-0.70704140 0.26855060 -0.65419640 0.00000000
-0.03708507 -0.93789570 -0.34492950 0.00000000
-0.70619920 -0.21961850 0.67309030 0.00000000
0.33841260 0.29879030 -0.30227760 1.00000000

-0.70698210 0.27149710 -0.65304340 0.00000000
-0.03932156 -0.93704130 -0.34699740 0.00000000
-0.70613750 -0.21964220 0.67314710 0.00000000
0.33716970 0.26917110 -0.31324580 1.00000000

-0.70810210 0.25972660 -0.65660770 0.00000000
0.23545130 -0.78982540 -0.56633820 0.00000000
-0.66569830 -0.55562420 0.49812410 0.00000000
0.33026110 0.32592420 -0.28290530 1.00000000

-0.75553070 0.45060240 -0.47553210 0.00000000
-0.03493565 -0.75255810 -0.65759860 0.00000000
-0.65418110 -0.48022300 0.58432280 0.00000000
0.31114550 0.29288770 -0.33908330 1.00000000

-0.75552730 0.45336200 -0.47290760 0.00000000
-0.03780830 -0.75083880 -0.65940260 0.00000000
-0.65402540 -0.48031680 0.58442000 0.00000000
0.31236190 0.31599040 -0.31873460 1.00000000

-0.75745850 0.47432780 -0.44863140 0.00000000
0.12450560 -0.56960020 -0.81243740 0.00000000
-0.64090190 -0.67124430 0.37239200 0.00000000
0.30808010 0.33488770 -0.29204090 1.00000000

-0.65028720 0.12313800 -0.74964220 0.00000000
0.10991860 -0.96114140 -0.25322960 0.00000000
-0.75169440 -0.24707160 0.61148290 0.00000000
0.35596550 0.31775400 -0.24740640 1.00000000

-0.66534080 0.18156530 -0.72412420 0.00000000
0.10684470 -0.93682920 -0.33306960 0.00000000
-0.73885440 -0.29897350 0.60391150 0.00000000
0.34706310 0.31688100 -0.27003060 1.00000000

-0.66563860 0.20584870 -0.71732260 0.00000000
-0.31767580 -0.94792640 0.02276251 0.00000000
-0.67528340 0.24302760 0.69636940 0.00000000
0.34993200 0.29135440 -0.27915800 1.00000000

-0.65582450 0.18705580 -0.73137170 0.00000000
-0.42827490 -0.89000990 0.15640700 0.00000000
-0.62167120 0.41580350 0.66380160 0.00000000
0.35902610 0.29146030 -0.25426820 1.00000000

-0.65641590 0.18573110 -0.73117870 0.00000000
-0.42731540 -0.89028260 0.15747660 0.00000000
-0.62170740 0.41581380 0.66376140 0.00000000
0.34961090 0.27193950 -0.25085790 1.00000000

-0.66559030 0.20597920 -0.71733000 0.00000000
-0.31776810 -0.94789770 0.02266225 0.00000000
-0.67528740 0.24302830 0.69636510 0.00000000
0.34163060 0.26650880 -0.27853700 1.00000000

-0.83970500 0.51612810 -0.16884180 0.00000000
-0.34993270 -0.75203840 -0.55855640 0.00000000
-0.41526220 -0.40993930 0.81210050 0.00000000
0.26699170 0.34373680 -0.25040170 1.00000000

-0.77421980 0.62797190 -0.07896337 0.00000000
-0.47760270 -0.66153150 -0.57816230 0.00000000
-0.41530660 -0.40991150 0.81209180 0.00000000
0.25408120 0.31685670 -0.27057230 1.00000000

0.20975400 0.33757160 0.91763220 0.00000000
-0.83750840 -0.42228010 0.34678440 0.00000000
0.50456230 -0.84126390 0.19414410 0.00000000
-0.05305029 0.86006150 -0.00366284 1.00000000

0.60873990 0.44983290 0.65351830 0.00000000
-0.16158170 -0.73616500 0.65723100 0.00000000
0.77674140 -0.50567920 -0.37544830 0.00000000
-0.16197610 0.80513980 0.04143969 1.00000000

0.36328560 -0.27235580 -0.89098040 0.00000000
0.29079520 -0.87539630 0.38615990 0.00000000
-0.88513380 -0.39937910 -0.23881910 0.00000000
-0.16468250 -0.07110295 0.10699190 1.00000000

0.21500380 0.02625706 -0.97626020 0.00000000
-0.97648770 0.02181440 -0.21446720 0.00000000
0.01566513 0.99941710 0.03032987 0.00000000
-0.17301020 -0.53148890 0.23863560 1.00000000

0.28471620 -0.08182588 -0.95511320 0.00000000
-0.80553670 -0.56054100 -0.19210560 0.00000000
-0.51966090 0.82407430 -0.22550890 0.00000000
-0.04202607 -0.44034220 0.26987280 1.00000000

0.46038350 -0.20896320 0.86277540 0.00000000
-0.41990230 -0.90755940 0.00425322 0.00000000
0.78213120 -0.36423920 -0.50556970 0.00000000
-0.20329420 0.61689480 0.20950060 1.00000000

0.21920840 -0.24838540 0.94353200 0.00000000
-0.25382250 -0.94827280 -0.19066340 0.00000000
0.94208370 -0.19769450 -0.27091530 0.00000000
-0.30155850 0.40451030 0.21049600 1.00000000

0.22615920 -0.27508270 0.93444180 0.00000000
-0.06403317 -0.96142030 -0.26752690 0.00000000
0.97198340 0.00066844 -0.23504860 0.00000000
-0.33658030 0.29177560 0.17917870 1.00000000

0.20601050 -0.61355430 0.76230630 0.00000000
0.06531748 -0.76865690 -0.63631770 0.00000000
0.97636740 0.18088010 -0.11827570 0.00000000
-0.30675580 0.37083420 0.17226070 1.00000000

0.23302530 -0.29110690 0.92787720 0.00000000
0.43352630 -0.82298890 -0.36707500 0.00000000
0.87049070 0.48779680 -0.06557491 0.00000000
-0.32479240 0.23173950 0.15815470 1.00000000

0.23167430 -0.28824520 0.92910810 0.00000000
0.43431510 -0.82397150 -0.36392480 0.00000000
0.87045810 0.48783780 -0.06570381 0.00000000
-0.33877160 0.25828120 0.17002180 1.00000000

0.22528620 -0.27655210 0.93421910 0.00000000
0.08072838 -0.95027320 -0.30077200 0.00000000
0.97094240 0.14317770 -0.19175790 0.00000000
-0.34744500 0.26701780 0.14486210 1.00000000

0.22529710 -0.27676200 0.93415430 0.00000000
0.08067857 -0.95021220 -0.30097730 0.00000000
0.97094390 0.14317560 -0.19175140 0.00000000
-0.34515430 0.23989560 0.13621010 1.00000000

0.22389430 -0.30598870 0.92533370 0.00000000
-0.21101410 -0.94213550 -0.26048760 0.00000000
0.95149580 -0.13693670 -0.27550670 0.00000000
-0.34089340 0.29642430 0.15287270 1.00000000

0.20387370 -0.18234710 0.96186550 0.00000000
0.10374590 -0.97294410 -0.20643700 0.00000000
0.97348450 0.14187680 -0.17944000 0.00000000
-0.33148870 0.28531940 0.19896640 1.00000000

0.21783520 -0.22396710 0.94994050 0.00000000
0.66526310 -0.67809510 -0.31242890 0.00000000
0.71412360 0.70001800 0.00128406 0.00000000
-0.32855390 0.25786020 0.19317720 1.00000000

0.22087440 -0.22714650 0.94848270 0.00000000
0.66424710 -0.67704970 -0.31682690 0.00000000
0.71413610 0.70000560 0.00133824 0.00000000
-0.31069070 0.23965260 0.18470600 1.00000000

0.20154210 -0.13389500 0.97028500 0.00000000
0.15274800 -0.97419610 -0.16616260 0.00000000
0.96749600 0.18169780 -0.17588940 0.00000000
-0.32399420 0.29038050 0.22085430 1.00000000

0.23390160 -0.23810380 0.94265410 0.00000000
0.73192600 -0.59507310 -0.33192220 0.00000000
0.63998000 0.76759000 0.03508562 0.00000000
-0.31994470 0.26464650 0.21654500 1.00000000

0.23478970 -0.23892670 0.94222500 0.00000000
0.73162510 -0.59476750 -0.33313040 0.00000000
0.63999860 0.76757110 0.03515941 0.00000000
-0.30422840 0.25187140 0.20935930 1.00000000

0.18185520 -0.38254230 0.90586420 0.00000000
0.12066790 -0.90558110 -0.40664730 0.00000000
0.97589340 0.18325990 -0.11852410 0.00000000
-0.30497690 0.34214170 0.14306630 1.00000000

0.20703630 -0.52945910 0.82268420 0.00000000
0.08682995 -0.82764100 -0.55450070 0.00000000
0.97447240 0.18623540 -0.12537890 0.00000000
-0.30078300 0.31031060 0.12837940 1.00000000

-1.00000000 0.00000000 0.00000000 0.00000000
0.00000000 1.00000000 0.00000000 0.00000000
0.00000000 0.00000000 -1.00000000 0.00000000
0.00000000 -0.53900000 0.00000000 1.00000000

-0.72989610 -0.00200763 0.68355520 0.00000000
0.05219737 0.99691220 0.05866402 0.00000000
-0.68156230 0.07849842 -0.72753750 0.00000000
-0.00253264 0.39584280 0.00542810 1.00000000

0.50312720 -0.21814220 -0.83622770 0.00000000
-0.24604180 -0.96373120 0.10336910 0.00000000
-0.82844810 0.15373920 -0.53855170 0.00000000
-0.05919121 0.34123360 0.06294720 1.00000000

0.84560610 0.15367100 -0.51121030 0.00000000
-0.14026760 -0.86004840 -0.49055280 0.00000000
-0.51504920 0.48652050 -0.70570690 0.00000000
0.05726219 0.34172740 -0.04906145 1.00000000

-0.93676660 0.01923294 0.34942600 0.00000000
-0.11489720 0.92623600 -0.35900640 0.00000000
-0.33055550 -0.37645330 -0.86545710 0.00000000
-0.01153173 0.92849170 -0.07312914 1.00000000

-0.93933770 0.01764183 0.34253960 0.00000000
-0.12148520 0.91682270 -0.38036500 0.00000000
-0.32075840 -0.39890470 -0.85906290 0.00000000
0.00295818 0.87474640 -0.03062578 1.00000000

-0.16624520 -0.17504160 -0.97042420 0.00000000
0.40031790 -0.91135440 0.09580766 0.00000000
-0.90117040 -0.37255060 0.22158060 0.00000000
0.18278020 0.81185010 -0.06428140 1.00000000

-0.28234510 -0.33758360 -0.89795260 0.00000000
0.92058150 -0.35863460 -0.15463240 0.00000000
-0.26983530 -0.87029810 0.41203190 0.00000000
0.06304997 0.85849370 -0.04417001 1.00000000

-0.94184480 0.01587240 0.33567320 0.00000000
-0.08942520 0.95102940 -0.29588230 0.00000000
-0.32393140 -0.30869280 -0.89430260 0.00000000
0.01608851 0.73510640 0.01281872 1.00000000

-0.87330250 0.03373707 0.48600890 0.00000000
-0.02307552 0.99361530 -0.11043750 0.00000000
-0.48663160 -0.10766020 -0.86694810 0.00000000
0.01910023 0.60542400 0.02723255 1.00000000

0.69561280 0.12486340 -0.70748320 0.00000000
0.19263820 -0.98113540 0.01624593 0.00000000
-0.69210800 -0.14758930 -0.70654360 0.00000000
-0.00275807 -0.02628583 -0.25896810 1.00000000

0.73044030 0.08043153 -0.67822430 0.00000000
-0.52894930 -0.56157990 -0.63627120 0.00000000
-0.43205320 0.82350410 -0.36765620 0.00000000
0.07848469 -0.44006740 -0.25211660 1.00000000

0.73975070 -0.00475659 -0.67286460 0.00000000
-0.67233090 0.03521606 -0.73941290 0.00000000
0.02721282 0.99936860 0.02285315 0.00000000
-0.00711137 -0.53094380 -0.35507980 1.00000000

-0.78155380 0.01732293 0.62359730 0.00000000
0.07457536 0.99504060 0.06582397 0.00000000
-0.61936440 0.09794996 -0.77896960 0.00000000
0.01058362 0.49178890 0.01971537 1.00000000

-0.45122640 0.54368380 -0.70767400 0.00000000
0.05408287 -0.77487540 -0.62979640 0.00000000
-0.89076910 -0.32245380 0.32024030 0.00000000
0.28510450 0.57890080 -0.03979219 1.00000000

-0.72135010 0.33946910 -0.60366800 0.00000000
0.30788080 -0.62358920 -0.71857210 0.00000000
-0.62037380 -0.70419990 0.34531000 0.00000000
0.29776220 0.39754810 -0.18719040 1.00000000

-0.87224890 0.44142520 -0.21053710 0.00000000
-0.27876150 -0.80246060 -0.52758780 0.00000000
-0.40183840 -0.40149830 0.82299770 0.00000000
0.28182170 0.37437160 -0.22868020 1.00000000

-0.70789360 0.26961500 -0.65283570 0.00000000
-0.04053031 -0.93826160 -0.34354460 0.00000000
-0.70515530 -0.21673330 0.67511710 0.00000000
0.33835690 0.29910120 -0.30258350 1.00000000

-0.70782340 0.27256290 -0.65168670 0.00000000
-0.04276954 -0.93740390 -0.34560820 0.00000000
-0.70509350 -0.21675710 0.67517360 0.00000000
0.33700520 0.26947030 -0.31350780 1.00000000

-0.70897250 0.26076580 -0.65525520 0.00000000
0.23237240 -0.79086710 -0.56615590 0.00000000
-0.66585380 -0.55365230 0.50010820 0.00000000
0.33031110 0.32627090 -0.28321730 1.00000000

-0.75569030 0.45133640 -0.47458170 0.00000000
-0.03855732 -0.75403290 -0.65570410 0.00000000
-0.65379320 -0.47721050 0.58721770 0.00000000
0.31097920 0.29315470 -0.33928030 1.00000000

-0.75567290 0.45410240 -0.47196360 0.00000000
-0.04143053 -0.75231090 -0.65750430 0.00000000
-0.65363750 -0.47730450 0.58731480 0.00000000
0.31230720 0.31630290 -0.31899020 1.00000000

-0.75750070 0.47508500 -0.44775780 0.00000000
0.12141730 -0.57137590 -0.81165730 0.00000000
-0.64144400 -0.66919640 0.37513390 0.00000000
0.30812730 0.33525890 -0.29232200 1.00000000

-0.65142240 0.12401790 -0.74851050 0.00000000
0.10711390 -0.96163680 -0.25255020 0.00000000
-0.75111600 -0.24469280 0.61314770 0.00000000
0.35606370 0.31809010 -0.24775590 1.00000000

-0.66637990 0.18256880 -0.72291540 0.00000000
0.10405160 -0.93730130 -0.33262510 0.00000000
-0.73831650 -0.29687510 0.60560220 0.00000000
0.34712210 0.31721340 -0.27036450 1.00000000

-0.66660300 0.20686920 -0.71613250 0.00000000
-0.32013970 -0.94705580 0.02442214 0.00000000
-0.67316510 0.24554230 0.69753710 0.00000000
0.34991470 0.29167410 -0.27947960 1.00000000

-0.65676580 0.18797490 -0.73029050 0.00000000
-0.43048570 -0.88858510 0.15842570 0.00000000
-0.61914520 0.41842830 0.66451280 0.00000000
0.35904760 0.29178290 -0.25459910 1.00000000

-0.65736060 0.18665200 -0.73009460 0.00000000
-0.42952480 -0.88885910 0.15949360 0.00000000
-0.61918150 0.41843870 0.66447250 0.00000000
0.34958390 0.27229320 -0.25114450 1.00000000

-0.66655440 0.20699970 -0.71614030 0.00000000
-0.32023220 -0.94702710 0.02432197 0.00000000
-0.67316930 0.24554300 0.69753270 0.00000000
0.34154890 0.26685130 -0.27881520 1.00000000

-0.84001830 0.51575770 -0.16841420 0.00000000
-0.35084970 -0.75314500 -0.55648640 0.00000000
-0.41385240 -0.40837080 0.81360920 0.00000000
0.26716410 0.34414630 -0.25058230 1.00000000

-0.77438530 0.62778000 -0.07886660 0.00000000
-0.47855750 -0.66268280 -0.57605060 0.00000000
-0.41389640 -0.40834290 0.81360050 0.00000000
0.25422050 0.31722610 -0.27067810 1.00000000

0.21121600 0.33699150 0.91751000 0.00000000
-0.83839880 -0.42008590 0.34729710 0.00000000
0.50246910 -0.84259410 0.19380430 0.00000000
-0.05279205 0.86019830 -0.00344340 1.00000000

0.60935540 0.44921380 0.65337030 0.00000000
-0.16198410 -0.73612200 0.65718010 0.00000000
0.77617470 -0.50629190 -0.37579440 0.00000000
-0.16183360 0.80556220 0.04172584 1.00000000

0.36310790 -0.27223140 -0.89109060 0.00000000
0.29025000 -0.87573040 0.38581200 0.00000000
-0.88538550 -0.39873050 -0.23896970 0.00000000
-0.16443780 -0.07101119 0.10716430 1.00000000

0.21502580 0.02625234 -0.97625530 0.00000000
-0.97647980 0.02200281 -0.21448360 0.00000000
0.01584971 0.99941300 0.03036606 0.00000000
-0.17301170 -0.53151270 0.23865570 1.00000000

0.28471770 -0.08184429 -0.95511100 0.00000000
-0.80563700 -0.56038480 -0.19213990 0.00000000
-0.51950430 0.82417840 -0.22548840 0.00000000
-0.04201125 -0.44039140 0.26989860 1.00000000

0.45953120 -0.20908270 0.86320080 0.00000000
-0.41939820 -0.90779600 0.00338528 0.00000000
0.78290240 -0.36358060 -0.50484940 0.00000000
-0.20325470 0.61732800 0.20977380 1.00000000

0.21961670 -0.24807240 0.94351940 0.00000000
-0.25401620 -0.94831260 -0.19020700 0.00000000
0.94193660 -0.19789670 -0.27127970 0.00000000
-0.30140100 0.40488820 0.21056590 1.00000000

0.22656030 -0.27477370 0.93443550 0.00000000
-0.06426398 -0.96150890 -0.26715340 0.00000000
0.97187470 0.00047576 -0.23549770 0.00000000
-0.33644990 0.29214600 0.17930520 1.00000000

0.20711880 -0.61221220 0.76308470 0.00000000
0.06423160 -0.76980560 -0.63503810 0.00000000
0.97620480 0.18054240 -0.12011780 0.00000000
-0.30661970 0.37119910 0.17234510 1.00000000

0.23339720 -0.29075320 0.92789440 0.00000000
0.43239230 -0.82368120 -0.36685960 0.00000000
0.87095500 0.48683850 -0.06652549 0.00000000
-0.32470640 0.23208480 0.15830120 1.00000000

0.23205000 -0.28788900 0.92912470 0.00000000
0.43318240 -0.82466260 -0.36370930 0.00000000
0.87092220 0.48687930 -0.06665444 0.00000000
-0.33864920 0.25864860 0.17016130 1.00000000

0.22570000 -0.27626310 0.93420460 0.00000000
0.07876794 -0.95063380 -0.30015150 0.00000000
0.97100730 0.14132960 -0.19279740 0.00000000
-0.34736900 0.26738260 0.14501260 1.00000000

0.22571040 -0.27647310 0.93413980 0.00000000
0.07871804 -0.95057330 -0.30035690 0.00000000
0.97100890 0.14132730 -0.19279080 0.00000000
-0.34513430 0.24025020 0.13637840 1.00000000

0.22425930 -0.30568540 0.92534550 0.00000000
-0.21238880 -0.94203670 -0.25972630 0.00000000
0.95110410 -0.13828710 -0.27618480 0.00000000
-0.34077460 0.29678600 0.15299950 1.00000000

0.20429020 -0.18191750 0.96185830 0.00000000
0.10365740 -0.97303640 -0.20604750 0.00000000
0.97340680 0.14179720 -0.17992460 0.00000000
-0.33134990 0.28569660 0.19909280 1.00000000

0.21823090 -0.22353110 0.94995220 0.00000000
0.66496770 -0.67840060 -0.31239470 0.00000000
0.71427820 0.69986180 0.00059289 0.00000000
-0.32841750 0.25823470 0.19331470 1.00000000

0.22126870 -0.22671180 0.94849460 0.00000000
0.66395000 -0.67735730 -0.31679280 0.00000000
0.71429010 0.69984930 0.00064743 0.00000000
-0.31056220 0.24001880 0.18484440 1.00000000

0.20197540 -0.13357060 0.97023950 0.00000000
0.15256260 -0.97427240 -0.16588470 0.00000000
0.96743520 0.18152690 -0.17640130 0.00000000
-0.32384460 0.29076460 0.22097540 1.00000000

0.23433310 -0.23781150 0.94262070 0.00000000
0.73185580 -0.59507810 -0.33206840 0.00000000
0.63990250 0.76767690 0.03459731 0.00000000
-0.31980000 0.26502870 0.21667350 1.00000000

0.23522100 -0.23863460 0.94219140 0.00000000
0.73155440 -0.59477290 -0.33327660 0.00000000
0.63992120 0.76765800 0.03467095 0.00000000
-0.30408520 0.25225350 0.20948460 1.00000000

0.18278940 -0.38034350 0.90660190 0.00000000
0.12052950 -0.90651290 -0.40460720 0.00000000
0.97573590 0.18323010 -0.11985840 0.00000000
-0.30488970 0.34245400 0.14319970 1.00000000

0.20793210 -0.52745080 0.82374760 0.00000000
0.08653495 -0.82893280 -0.55261420 0.00000000
0.97430800 0.18618900 -0.12671880 0.00000000
-0.30070120 0.31058920 0.12858440 1.00000000

-1.00000000 0.00000000 0.00000000 0.00000000
0.00000000 1.00000000 0.00000000 0.00000000
0.00000000 0.00000000 -1.00000000 0.00000000
0.00000000 -0.53900000 0.00000000 1.00000000

-0.72965870 -0.00200002 0.68380850 0.00000000
0.05243142 0.99688820 0.05886273 0.00000000
-0.68179840 0.07880276 -0.72728340 0.00000000
-0.00243466 0.39595740 0.00532237 1.00000000

0.50281820 -0.21831040 -0.83636990 0.00000000
-0.24566070 -0.96377430 0.10387660 0.00000000
-0.82874890 0.15323210 -0.53823340 0.00000000
-0.05908492 0.34134780 0.06284928 1.00000000

0.84546150 0.15357090 -0.51147900 0.00000000
-0.14025590 -0.86028610 -0.49013890 0.00000000
-0.51528940 0.48613150 -0.70579960 0.00000000
0.05732962 0.34184100 -0.04919974 1.00000000

-0.93663080 0.01936999 0.34978240 0.00000000
-0.11486930 0.92628580 -0.35888680 0.00000000
-0.33095010 -0.37632360 -0.86536270 0.00000000
-0.01130150 0.92866550 -0.07297654 1.00000000

-0.93920090 0.01776120 0.34290860 0.00000000
-0.12137180 0.91701980 -0.37992600 0.00000000
-0.32120180 -0.39844620 -0.85910990 0.00000000
0.00318954 0.87489800 -0.03050175 1.00000000

-0.16646440 -0.17460100 -0.97046610 0.00000000
0.40111300 -0.91107750 0.09511317 0.00000000
-0.90077630 -0.37343340 0.22169670 0.00000000
0.18306480 0.81219490 -0.06428412 1.00000000

