MeshAnim
1
17
53
30
0.13147250 0.00092154 0.99131940 0.00000000
0.11413690 0.99333520 -0.01606070 0.00000000
0.98472730 -0.11525770 -0.13049110 0.00000000
0.01164514 0.93274750 -0.00046039 1.00000000

-0.15409170 0.07867968 -0.98491900 0.00000000
0.28697920 -0.95028820 -0.12081150 0.00000000
0.94546220 0.30126730 -0.12385210 0.00000000
0.00869676 0.88002480 0.08146901 1.00000000

-0.18860320 0.15596940 -0.96958870 0.00000000
0.33895120 -0.91629830 -0.21332940 0.00000000
0.92170540 0.36887780 -0.11995090 0.00000000
-0.01041842 0.87962700 -0.07897422 1.00000000

0.59851750 0.01573062 0.80095520 0.00000000
0.21722320 0.95916400 -0.18115890 0.00000000
0.77109690 -0.28241280 -0.57065950 0.00000000
0.11940540 1.47175700 -0.04054087 1.00000000

0.45020430 -0.04589558 0.89174530 0.00000000
0.30777390 0.94545510 -0.10672210 0.00000000
0.83820710 -0.32250270 -0.43977340 0.00000000
0.08219165 1.41458100 -0.02469591 1.00000000

0.78584340 -0.61209140 -0.08828585 0.00000000
-0.58553460 -0.69049050 -0.42470310 0.00000000
-0.19899680 -0.38544440 0.90101780 0.00000000
-0.00289413 1.34691500 -0.18393300 1.00000000

0.87400900 -0.30548180 -0.37787510 0.00000000
-0.47734070 -0.39437590 -0.78524770 0.00000000
-0.09085430 -0.86668840 0.49050660 0.00000000
0.05918848 1.39820700 -0.08180421 1.00000000

0.27749400 0.00949539 0.96068040 0.00000000
0.22485740 0.97153530 -0.07455309 0.00000000
0.93404290 -0.23670410 -0.26746010 0.00000000
0.04917575 1.27193000 -0.01374926 1.00000000

0.24953730 0.01411495 0.96826230 0.00000000
0.17781620 0.98222400 -0.06014468 0.00000000
0.95189930 -0.18718110 -0.24259170 0.00000000
0.02596794 1.14373400 -0.00589943 1.00000000

-0.16871080 0.25311860 -0.95261100 0.00000000
-0.98352150 -0.10694310 0.14576930 0.00000000
0.06497832 -0.96150620 -0.26699000 0.00000000
0.13461820 0.48754450 -0.17025750 1.00000000

-0.06868805 0.44877960 -0.89099870 0.00000000
-0.63599490 -0.70779310 -0.30747270 0.00000000
0.76863010 -0.54555100 -0.33403850 0.00000000
-0.28016960 0.44244260 -0.10878110 1.00000000

-0.17466440 0.50658960 -0.84430990 0.00000000
0.05633603 -0.85094510 -0.52222500 0.00000000
0.98301510 0.13877920 -0.12009060 0.00000000
-0.38308810 0.32790560 -0.15853720 1.00000000

0.22079590 0.01772019 0.97515910 0.00000000
0.13006850 0.99036910 -0.04744677 0.00000000
0.96660820 -0.13731350 -0.21636470 0.00000000
0.01111393 1.03063300 -0.00048094 1.00000000

0.82959540 0.47458240 0.29418240 0.00000000
0.52525960 -0.84202660 -0.12285630 0.00000000
-0.18940420 -0.25644310 0.94782030 0.00000000
-0.15256130 1.17042000 -0.29249050 1.00000000

0.46205080 0.22945300 0.85665670 0.00000000
0.69471070 -0.69406910 -0.18879880 0.00000000
-0.55125860 -0.68236330 0.48009870 0.00000000
-0.02962909 0.97335120 -0.32124390 1.00000000

0.08364660 0.45805790 0.88497820 0.00000000
0.45478180 -0.80775680 0.37510350 0.00000000
-0.88666630 -0.37109590 0.27588260 0.00000000
0.00441316 0.94450520 -0.29840320 1.00000000

0.48995540 0.18751790 0.85134080 0.00000000
0.37695340 -0.92614180 -0.01294707 0.00000000
-0.78603440 -0.32725940 0.52445370 0.00000000
0.08502290 0.86656740 -0.34190940 1.00000000

0.49566670 0.16964320 0.85178410 0.00000000
0.26709270 -0.96298460 0.03636426 0.00000000
-0.82642380 -0.20948110 0.52262990 0.00000000
0.09698696 0.83731150 -0.34223370 1.00000000

0.45278110 0.24368440 0.85767560 0.00000000
0.65333520 -0.74526620 -0.13316030 0.00000000
-0.60674750 -0.62064190 0.49665000 0.00000000
0.06264444 0.89217030 -0.33725390 1.00000000

0.43117470 0.24538680 0.86825900 0.00000000
0.63649370 -0.76477960 -0.09993963 0.00000000
-0.63950310 -0.59573300 0.48594100 0.00000000
0.11510400 0.85790250 -0.32271780 1.00000000

0.42314160 0.25382350 0.86978460 0.00000000
0.69428170 -0.70763280 -0.13125770 0.00000000
-0.58217190 -0.65941610 0.47565390 0.00000000
0.09368415 0.87968770 -0.31873300 1.00000000

0.38946520 0.28196020 0.87682140 0.00000000
0.79566960 -0.58251200 -0.16610080 0.00000000
-0.46392520 -0.76235060 0.45121540 0.00000000
0.06752981 0.89896640 -0.31305170 1.00000000

0.56518860 0.09866954 0.81903980 0.00000000
0.47243270 -0.85261190 -0.22329450 0.00000000
-0.67629080 -0.51314470 0.52850140 0.00000000
0.03311776 0.88961580 -0.37055980 1.00000000

0.53226790 0.15155740 0.83289940 0.00000000
0.49107660 -0.85667860 -0.15794070 0.00000000
-0.68959030 -0.49308430 0.53040910 0.00000000
0.05292542 0.88553540 -0.35703680 1.00000000

0.54793490 0.10708580 0.82963860 0.00000000
0.23800930 -0.97073910 -0.03189524 0.00000000
-0.80194700 -0.21493850 0.55738940 0.00000000
0.06634742 0.86219170 -0.36128750 1.00000000

0.58612570 0.04443078 0.80900120 0.00000000
0.15047310 -0.98709390 -0.05480712 0.00000000
-0.79612480 -0.15385690 0.58524670 0.00000000
0.04598923 0.86629200 -0.37673490 1.00000000

0.58664990 0.04296378 0.80870020 0.00000000
0.22773690 -0.96704640 -0.11382980 0.00000000
-0.77716020 -0.25094930 0.57710230 0.00000000
0.04930764 0.84463690 -0.37791380 1.00000000

0.55021380 0.08222810 0.83096540 0.00000000
0.08558816 -0.99545210 0.04183333 0.00000000
-0.83062600 -0.04810374 0.55474950 0.00000000
0.07256536 0.83675170 -0.36215150 1.00000000

0.16971410 0.32128940 0.93164940 0.00000000
0.58295130 -0.79495800 0.16795640 0.00000000
-0.79458490 -0.51460190 0.32221180 0.00000000
0.02289613 0.91413590 -0.27985040 1.00000000

0.09740014 0.42769500 0.89866050 0.00000000
0.60103330 -0.74498230 0.28941350 0.00000000
-0.79326680 -0.51193590 0.32962040 0.00000000
0.04394513 0.88563810 -0.27345660 1.00000000

-0.77041530 0.23766640 0.59158680 0.00000000
0.35830820 -0.60609560 0.71011510 0.00000000
-0.52732860 -0.75905400 -0.38178740 0.00000000
0.09378859 1.39916800 0.03602128 1.00000000

-0.49637910 0.59117590 0.63570350 0.00000000
0.09826877 -0.68931620 0.71776480 0.00000000
-0.86252590 -0.41875330 -0.28406800 0.00000000
0.14038990 1.32034000 0.12837840 1.00000000

-0.08104582 0.03309080 -0.99616100 0.00000000
-0.45853920 -0.88864010 0.00778678 0.00000000
0.88497090 -0.45741000 -0.08719402 0.00000000
0.13145470 0.47353040 0.02979081 1.00000000

0.03646572 0.02224308 -0.99908750 0.00000000
0.99841000 0.04219499 0.03738037 0.00000000
-0.04298793 0.99886220 0.02066907 0.00000000
0.07264259 0.00753671 0.03654093 1.00000000

-0.02976273 -0.08181085 -0.99620340 0.00000000
0.82776310 -0.56067320 0.02131353 0.00000000
0.56028800 0.82398610 -0.08440714 0.00000000
-0.06195563 0.09870487 0.03307524 1.00000000

-0.35774440 0.03399953 0.93320040 0.00000000
0.32179360 -0.93363900 0.15737560 0.00000000
-0.87662300 -0.35659810 -0.32306340 0.00000000
0.16551830 1.14407500 0.31191840 1.00000000

0.15521150 0.23794290 0.95879750 0.00000000
0.26997270 -0.94383000 0.19052470 0.00000000
-0.95027580 -0.22927750 0.21073130 0.00000000
0.24082350 0.92558690 0.34874700 1.00000000

0.10755060 0.24022830 0.96474000 0.00000000
-0.43845440 -0.85944590 0.26288850 0.00000000
-0.89229510 0.45126830 -0.01289526 0.00000000
0.27437620 0.80897720 0.36263370 1.00000000

0.21918380 -0.37029480 0.90268500 0.00000000
-0.41144880 -0.87397360 -0.25861180 0.00000000
-0.88468560 0.31472530 0.34391830 0.00000000
0.23577390 0.87767730 0.33136340 1.00000000

0.18916410 0.31426660 0.93029770 0.00000000
-0.93519730 -0.23118130 0.26825640 0.00000000
-0.29937150 0.92075600 -0.25016980 0.00000000
0.23345780 0.76208060 0.38147780 1.00000000

0.15579910 0.30028300 0.94104030 0.00000000
-0.79541220 -0.52674190 0.29977040 0.00000000
-0.58570130 0.79521880 -0.15678290 0.00000000
0.25913890 0.77911410 0.37193590 1.00000000

0.15197620 0.13728830 0.97880290 0.00000000
-0.30454590 -0.93561920 0.17851730 0.00000000
-0.94029530 0.32522090 0.10038140 0.00000000
0.26579690 0.76961320 0.34098980 1.00000000

0.15119380 0.14299370 0.97810700 0.00000000
-0.50107910 -0.84184790 0.20052910 0.00000000
-0.85209160 0.52042770 0.05563100 0.00000000
0.25708880 0.74288220 0.34602380 1.00000000

0.14391400 0.09128394 0.98537100 0.00000000
-0.09109589 -0.99028640 0.10504370 0.00000000
-0.98538830 0.10488050 0.13420050 0.00000000
0.26861960 0.80047370 0.33759840 1.00000000

0.16273930 0.36901420 0.91506530 0.00000000
-0.46880040 -0.78713790 0.40079910 0.00000000
-0.86818330 0.49420880 -0.04489566 0.00000000
0.27730470 0.81290610 0.38349370 1.00000000

0.22674200 0.41669990 0.88031220 0.00000000
-0.86543660 -0.32841640 0.37836780 0.00000000
-0.44677480 0.84764610 -0.28616150 0.00000000
0.26408320 0.79070990 0.39483660 1.00000000

0.24606830 0.42226000 0.87243740 0.00000000
-0.96886090 0.08156989 0.23378450 0.00000000
-0.02755329 0.90279720 -0.42918290 0.00000000
0.24080520 0.78185070 0.40493730 1.00000000

0.16269030 0.37774010 0.91150670 0.00000000
-0.67158410 -0.63439850 0.38277060 0.00000000
-0.72284620 0.67442630 -0.15047350 0.00000000
0.27751050 0.82814590 0.40162020 1.00000000

0.27235550 0.41278470 0.86915540 0.00000000
-0.95727210 0.20751610 0.20141270 0.00000000
0.09722368 0.88687420 -0.45166550 0.00000000
0.25979070 0.81142530 0.41180050 1.00000000

0.29886040 0.41455000 0.85955260 0.00000000
-0.80493970 0.59332320 -0.00627928 0.00000000
0.51259580 0.69001160 -0.51100850 0.00000000
0.23920330 0.81586190 0.41608040 1.00000000

0.19713530 -0.01319208 0.98028750 0.00000000
-0.13946760 -0.99011730 0.01472230 0.00000000
-0.97040530 0.13962060 0.19702690 0.00000000
0.21806920 0.84365120 0.31695850 1.00000000

0.13156290 0.00416089 0.99129910 0.00000000
-0.15348340 -0.98784700 0.02451628 0.00000000
-0.97935410 0.15537340 0.12932560 0.00000000
0.21307350 0.80870070 0.31712030 1.00000000

1.00000000 0.00000000 0.00000000 0.00000000
0.00000000 1.00000000 0.00000000 0.00000000
0.00000000 0.00000000 -1.00000000 0.00000000
0.00000000 0.00000000 0.00000000 1.00000000

0.15608970 0.00441615 0.98773310 0.00000000
0.12605540 0.99172420 -0.02435432 0.00000000
0.97966630 -0.12831060 -0.15424130 0.00000000
0.00260397 0.93740460 -0.00070466 1.00000000

-0.13940690 0.10578060 -0.98456910 0.00000000
0.04090275 -0.99281420 -0.11245790 0.00000000
0.98939010 0.05594898 -0.13407850 0.00000000
0.00103839 0.88514930 0.08156163 1.00000000

-0.21452380 0.13723420 -0.96702980 0.00000000
0.54279880 -0.80636020 -0.23484640 0.00000000
0.81200310 0.57528260 -0.09849291 0.00000000
-0.02206498 0.88415880 -0.07835345 1.00000000

0.63223450 0.00057786 0.77477690 0.00000000
0.23239110 0.95381460 -0.19034750 0.00000000
0.73910340 -0.30039550 -0.60290020 0.00000000
0.11567150 1.47443400 -0.05014479 1.00000000

0.50519840 -0.05458394 0.86127540 0.00000000
0.31866840 0.93926630 -0.12739470 0.00000000
0.80201320 -0.33882080 -0.49191000 0.00000000
0.07843944 1.41799600 -0.03188239 1.00000000

0.66408390 -0.72778200 -0.17124840 0.00000000
-0.73792150 -0.60116680 -0.30670910 0.00000000
-0.12026850 -0.33004830 0.93627130 0.00000000
-0.02609208 1.35291800 -0.17985890 1.00000000

0.80760290 -0.32305560 -0.49336880 0.00000000
-0.58798930 -0.37693410 -0.71567400 0.00000000
-0.04523507 -0.86807590 0.49436630 0.00000000
0.05038143 1.40194200 -0.08677877 1.00000000

0.35857520 0.00597169 0.93348180 0.00000000
0.23359300 0.96759180 -0.09591922 0.00000000
0.90380210 -0.25244910 -0.34555950 0.00000000
0.04414088 1.27592400 -0.01779853 1.00000000

0.31502100 0.01284665 0.94899790 0.00000000
0.18855550 0.97912930 -0.07584578 0.00000000
0.93016590 -0.20283170 -0.30602410 0.00000000
0.01953142 1.14813300 -0.00789946 1.00000000

-0.22419780 0.18845170 -0.95614930 0.00000000
-0.93319570 -0.32426940 0.15490400 0.00000000
0.28085810 -0.92700360 -0.24856280 0.00000000
0.21019770 0.53911860 -0.17884380 1.00000000

-0.18146430 0.36291280 -0.91398320 0.00000000
-0.33368820 -0.89699540 -0.28991630 0.00000000
0.92505290 -0.25237600 -0.28387240 0.00000000
-0.18336590 0.40236220 -0.11351500 1.00000000

-0.29815530 0.38483510 -0.87350190 0.00000000
0.31989840 -0.82191390 -0.47129910 0.00000000
0.89931570 0.41995210 -0.12194990 0.00000000
-0.23736430 0.25720780 -0.16043010 1.00000000

0.27025990 0.01782015 0.96262260 0.00000000
0.14221160 0.98812270 -0.05821865 0.00000000
0.95222660 -0.15263020 -0.26451570 0.00000000
0.00329066 1.03528700 -0.00125081 1.00000000

0.95055090 0.27724810 0.13995120 0.00000000
0.29963820 -0.93720280 -0.17851610 0.00000000
-0.08166943 -0.21162330 0.97393320 0.00000000
-0.21471060 1.19925500 -0.25825610 1.00000000

0.60724650 0.09896924 0.78832540 0.00000000
0.43834970 -0.86926630 -0.22852970 0.00000000
-0.66264710 -0.48433600 0.57124210 0.00000000
-0.14458290 0.97991090 -0.30003610 1.00000000

0.39633750 0.38907080 0.83158920 0.00000000
0.29451030 -0.91177820 0.28622400 0.00000000
-0.86958620 -0.13147030 0.47595740 0.00000000
-0.11779060 0.94278070 -0.27963580 1.00000000

0.62221120 0.03776092 0.78193820 0.00000000
-0.02482188 -0.99738230 0.06791667 0.00000000
-0.78245580 0.06166771 0.61964530 0.00000000
-0.07158624 0.84268890 -0.32577400 1.00000000

0.61972220 0.01519175 0.78467420 0.00000000
-0.15918560 -0.97659720 0.14462960 0.00000000
-0.76850770 0.21453890 0.60280090 0.00000000
-0.07230878 0.81116610 -0.32354910 1.00000000

0.60969870 0.10824370 0.78520750 0.00000000
0.30857510 -0.94489410 -0.10934560 0.00000000
-0.73010180 -0.30896340 0.60950210 0.00000000
-0.08211643 0.87512980 -0.32194300 1.00000000

0.58685150 0.12248490 0.80037680 0.00000000
0.29209760 -0.95395480 -0.06818400 0.00000000
-0.75517180 -0.27380220 0.59560760 0.00000000
-0.04410582 0.82463410 -0.30837790 1.00000000

0.58209860 0.13510350 0.80181570 0.00000000
0.37378650 -0.92019320 -0.11631010 0.00000000
-0.72211140 -0.36741170 0.58614310 0.00000000
-0.05566195 0.85297670 -0.30484910 1.00000000

0.56070020 0.17542960 0.80922190 0.00000000
0.51847330 -0.83637760 -0.17792750 0.00000000
-0.64560100 -0.51932380 0.55991270 0.00000000
-0.07263371 0.88060410 -0.29879330 1.00000000

0.65832800 -0.07263680 0.74921820 0.00000000
0.10308100 -0.97725670 -0.18532110 0.00000000
-0.74563980 -0.19923230 0.63586810 0.00000000
-0.11488580 0.88073830 -0.35164720 1.00000000

0.64679520 -0.00622433 0.76263840 0.00000000
0.13296760 -0.98373130 -0.12079900 0.00000000
-0.75098310 -0.17953840 0.63544510 0.00000000
-0.09561949 0.87128920 -0.34018470 1.00000000

0.64395130 -0.05981485 0.76272500 0.00000000
-0.16393560 -0.98457120 0.06119445 0.00000000
-0.74729650 0.16444400 0.64382160 0.00000000
-0.09195203 0.84447170 -0.34342750 1.00000000

0.65458380 -0.14189990 0.74255290 0.00000000
-0.28131900 -0.95740820 0.06503358 0.00000000
-0.70169780 0.25146420 0.66662290 0.00000000
-0.11212240 0.85402040 -0.35677810 1.00000000

0.65132780 -0.15383310 0.74303940 0.00000000
-0.26993130 -0.96215240 0.03741788 0.00000000
-0.70916080 0.22494090 0.66820110 0.00000000
-0.11827540 0.83301120 -0.35532970 1.00000000

0.63421700 -0.08922407 0.76798960 0.00000000
-0.33817010 -0.92527650 0.17176820 0.00000000
-0.69527700 0.36864930 0.61699920 0.00000000
-0.09626964 0.81867500 -0.34185010 1.00000000

0.42236800 0.25989740 0.86836550 0.00000000
0.32269420 -0.93836030 0.12389000 0.00000000
-0.84703810 -0.22788940 0.48020090 0.00000000
-0.10443410 0.90798190 -0.26484530 1.00000000

0.38190220 0.36464130 0.84922770 0.00000000
0.38671250 -0.89761710 0.21151210 0.00000000
-0.83940700 -0.24763000 0.48381300 0.00000000
-0.09265979 0.87429880 -0.26006140 1.00000000

-0.68537700 0.23425910 0.68947900 0.00000000
0.41343980 -0.65424660 0.63326870 0.00000000
-0.59943820 -0.71908570 -0.35155330 0.00000000
0.09492052 1.40246100 0.02766308 1.00000000

-0.41772470 0.44586890 0.79164830 0.00000000
0.23854120 -0.78692360 0.56907780 0.00000000
-0.87670090 -0.42655860 -0.22235930 0.00000000
0.14869220 1.31737100 0.11002560 1.00000000

-0.08404905 0.05444758 -0.99497310 0.00000000
-0.51419990 -0.85766320 -0.00349724 0.00000000
0.85354210 -0.51132110 -0.10008280 0.00000000
0.01853491 0.46046410 0.03345673 1.00000000

0.04582421 0.02460075 -0.99864660 0.00000000
0.99662910 0.06697406 0.04738146 0.00000000
-0.06804904 0.99745150 0.02144879 0.00000000
-0.06379594 0.00753641 0.03678672 1.00000000

-0.01984651 -0.08181084 -0.99645040 0.00000000
0.82750980 -0.56067320 0.02955084 0.00000000
0.56110070 0.82398570 -0.07882670 0.00000000
-0.19835290 0.09870446 0.03198159 1.00000000

-0.16950030 -0.23685890 0.95664390 0.00000000
0.39201700 -0.90679640 -0.15505830 0.00000000
-0.90420840 -0.34873840 -0.24655490 0.00000000
0.20968970 1.11614600 0.25554480 1.00000000

0.32234810 0.04613569 0.94549630 0.00000000
0.32517050 -0.94343090 -0.06482539 0.00000000
-0.88901970 -0.32834400 0.31911500 0.00000000
0.30142840 0.90393990 0.21925850 1.00000000

0.26214350 0.02497134 0.96470590 0.00000000
-0.41085710 -0.90165210 0.13498300 0.00000000
-0.87319990 0.43174080 0.22610240 0.00000000
0.34002440 0.78936820 0.20193460 1.00000000

0.38635030 -0.53906940 0.74842350 0.00000000
-0.43391650 -0.82225670 -0.36825350 0.00000000
-0.81391040 0.18247830 0.55159010 0.00000000
0.29453710 0.86037950 0.19321960 1.00000000

0.33755710 0.10530760 0.93539610 0.00000000
-0.88292550 -0.30909140 0.35341960 0.00000000
-0.32634070 0.94518410 0.01135704 0.00000000
0.30163660 0.73880700 0.21625970 1.00000000

0.30685100 0.08894041 0.94759290 0.00000000
-0.74686660 -0.59463200 0.29766330 0.00000000
-0.58994340 0.79906370 0.11603670 0.00000000
0.32577210 0.75800180 0.20678670 1.00000000

0.31100720 -0.07837921 0.94717030 0.00000000
-0.31417600 -0.94904550 0.02462670 0.00000000
-0.89697730 0.30523710 0.31978470 0.00000000
0.32660120 0.75496260 0.17416210 1.00000000

0.31084620 -0.07149060 0.94776770 0.00000000
-0.50816480 -0.85517970 0.10215980 0.00000000
-0.80320840 0.51337810 0.30215820 0.00000000
0.31760760 0.72786250 0.17480290 1.00000000

0.30205300 -0.12566060 0.94497290 0.00000000
-0.10997460 -0.98924930 -0.09639570 0.00000000
-0.94692660 0.07480631 0.31262510 0.00000000
0.32999370 0.78581630 0.17705510 1.00000000

0.31451330 0.17168480 0.93359820 0.00000000
-0.40500670 -0.86522780 0.29555170 0.00000000
-0.85851680 0.47106840 0.20259200 0.00000000
0.34663010 0.78912410 0.22231750 1.00000000

0.37327410 0.22750850 0.89939210 0.00000000
-0.79833100 -0.41507370 0.43632710 0.00000000
-0.47258230 0.88088250 -0.02669096 0.00000000
0.33521400 0.76471730 0.23069120 1.00000000

0.39201460 0.23507930 0.88941670 0.00000000
-0.91693620 0.02153126 0.39845290 0.00000000
-0.07451767 0.97173780 -0.22399340 0.00000000
0.31372820 0.75354360 0.24234830 1.00000000

0.30068920 0.16866610 0.93868930 0.00000000
-0.59834340 -0.73307950 0.32338820 0.00000000
-0.74267850 0.65889790 0.11950870 0.00000000
0.34975950 0.80031140 0.24295510 1.00000000

0.40504180 0.21684060 0.88821230 0.00000000
-0.91340560 0.13888740 0.38262350 0.00000000
0.04039324 0.96627690 -0.25431870 0.00000000
0.33398480 0.78096850 0.25156960 1.00000000

0.43280600 0.22021350 0.87417670 0.00000000
-0.77686440 0.58305910 0.23774830 0.00000000
0.45734140 0.78201560 -0.42342740 0.00000000
0.31433280 0.78394110 0.25974270 1.00000000

0.36618500 -0.19427180 0.91003680 0.00000000
-0.11461100 -0.97993410 -0.16307550 0.00000000
-0.92345710 0.04458435 0.38110280 0.00000000
0.27520080 0.82918380 0.17500770 1.00000000

0.30290500 -0.15985540 0.93951850 0.00000000
-0.09956782 -0.98574530 -0.13561970 0.00000000
-0.94780520 0.05246571 0.31450350 0.00000000
0.27102090 0.79465900 0.16891840 1.00000000

1.00000000 0.00000000 0.00000000 0.00000000
0.00000000 1.00000000 0.00000000 0.00000000
0.00000000 0.00000000 -1.00000000 0.00000000
0.00000000 0.00000000 0.00000000 1.00000000

0.21358190 -0.03136311 0.97642170 0.00000000
0.14159210 0.98992470 0.00082504 0.00000000
0.96660980 -0.13807740 -0.21587080 0.00000000
0.00501182 0.95329280 -0.00709792 1.00000000

-0.10718790 0.10721300 -0.98844130 0.00000000
-0.38095300 -0.92272450 -0.05877386 0.00000000
0.91836040 -0.37024980 -0.13974790 0.00000000
0.00734937 0.89831790 0.07335764 1.00000000

-0.21506360 0.08361464 -0.97301440 0.00000000
0.65792690 -0.72389480 -0.20762730 0.00000000
0.72172020 0.68482520 -0.10067100 0.00000000
-0.02507085 0.90308690 -0.08486298 1.00000000

0.69834040 -0.01682402 0.71556820 0.00000000
0.22817910 0.95279610 -0.20028400 0.00000000
0.67842110 -0.30314400 -0.66921500 0.00000000
0.11440320 1.49110900 -0.05656715 1.00000000

0.60056810 -0.07268111 0.79626350 0.00000000
0.30796580 0.94005480 -0.14647190 0.00000000
0.73788570 -0.33318810 -0.58695030 0.00000000
0.07915498 1.43450700 -0.03514837 1.00000000

0.49297930 -0.81728280 -0.29836280 0.00000000
-0.86998290 -0.45908750 -0.17991280 0.00000000
-0.01006506 -0.34826370 0.93734260 0.00000000
-0.04739754 1.37262500 -0.16600870 1.00000000

0.71354790 -0.30947570 -0.62854930 0.00000000
-0.69963040 -0.36209690 -0.61595730 0.00000000
0.03697205 -0.87926700 0.47489220 0.00000000
0.04359591 1.41971900 -0.08589769 1.00000000

0.48737910 -0.01593508 0.87304510 0.00000000
0.21742800 0.97055580 -0.10366480 0.00000000
0.84568730 -0.24034850 -0.47649350 0.00000000
0.04722994 1.29200000 -0.01992723 1.00000000

0.42665710 -0.00946112 0.90436400 0.00000000
0.18101880 0.98060480 -0.07514162 0.00000000
0.88611290 -0.19576660 -0.42009470 0.00000000
0.02360413 1.16401500 -0.01012006 1.00000000

-0.21942190 0.09558679 -0.97093670 0.00000000
-0.78701700 -0.60549290 0.11824830 0.00000000
0.57659200 -0.79009000 -0.20808680 0.00000000
0.25645490 0.59333360 -0.17370630 1.00000000

-0.32366060 0.24168590 -0.91478560 0.00000000
0.09573087 -0.95350050 -0.28578490 0.00000000
0.94131800 0.18007040 -0.28547370 0.00000000
-0.07545963 0.33797460 -0.12383660 1.00000000

-0.43562160 0.21403350 -0.87431360 0.00000000
0.61840100 -0.63464210 -0.46347620 0.00000000
0.65407520 0.74257640 -0.14410520 0.00000000
-0.05996817 0.18367640 -0.17008310 1.00000000

0.36359260 -0.00568717 0.93154080 0.00000000
0.14222060 0.98859780 -0.04947507 0.00000000
0.92063770 -0.15047300 -0.36025570 0.00000000
0.00736235 1.05111600 -0.00446994 1.00000000

0.99794840 0.04633282 -0.04418899 0.00000000
0.03387744 -0.96774980 -0.24962470 0.00000000
0.05432977 -0.24761550 0.96733400 0.00000000
-0.26977190 1.25527900 -0.21199580 1.00000000

0.73086440 -0.11971570 0.67194190 0.00000000
0.08859746 -0.95952620 -0.26731950 0.00000000
-0.67674810 -0.25490660 0.69067700 0.00000000
-0.26184320 1.02878600 -0.27041820 1.00000000

0.70665820 0.12306440 0.69677050 0.00000000
0.06359377 -0.99181940 0.11068020 0.00000000
-0.70469150 0.03390274 0.70870360 0.00000000
-0.24543910 0.98455800 -0.25346280 1.00000000

0.71908110 -0.19717850 0.66636560 0.00000000
-0.42280130 -0.88514020 0.19433440 0.00000000
-0.55150850 0.42148230 0.71985500 0.00000000
-0.24504930 0.87584640 -0.30090460 1.00000000

0.70515390 -0.22048290 0.67390340 0.00000000
-0.54094590 -0.78173600 0.31026780 0.00000000
-0.45840560 0.58333170 0.67051350 0.00000000
-0.25834190 0.84784830 -0.29469530 1.00000000

0.73798400 -0.12275960 0.66355850 0.00000000
-0.10872920 -0.99209720 -0.06261562 0.00000000
-0.66600130 0.02593897 0.74549950 0.00000000
-0.24124420 0.90988460 -0.29868950 1.00000000

0.72369490 -0.10065050 0.68274120 0.00000000
-0.13700420 -0.99057010 -0.00080870 0.00000000
-0.67638460 0.09295320 0.73066010 0.00000000
-0.22416750 0.84862340 -0.28604400 1.00000000

0.72497130 -0.08461168 0.68356260 0.00000000
-0.04429228 -0.99609880 -0.07632210 0.00000000
-0.68735370 -0.02505474 0.72589070 0.00000000
-0.22285220 0.87931950 -0.28373900 1.00000000

0.72224330 -0.03641631 0.69068000 0.00000000
0.12251370 -0.97608520 -0.17957670 0.00000000
-0.68070210 -0.21431580 0.70050950 0.00000000
-0.22672630 0.91150610 -0.27765620 1.00000000

0.70378070 -0.31874460 0.63489770 0.00000000
-0.32625230 -0.93889410 -0.10971450 0.00000000
-0.63107260 0.12992190 0.76476650 0.00000000
-0.27497320 0.92643370 -0.32269170 1.00000000

0.72398470 -0.24112270 0.64630190 0.00000000
-0.27512890 -0.96010630 -0.04999880 0.00000000
-0.63257440 0.14161780 0.76144220 0.00000000
-0.25814640 0.91101050 -0.31427450 1.00000000

0.69566630 -0.29706210 0.65406630 0.00000000
-0.54924130 -0.80679680 0.21774520 0.00000000
-0.46301490 0.51071800 0.72442010 0.00000000
-0.26559880 0.88482160 -0.31559490 1.00000000

0.65991240 -0.39499420 0.63913660 0.00000000
-0.67699330 -0.68155060 0.27779300 0.00000000
-0.32587720 0.61601000 0.71717200 0.00000000
-0.28395420 0.90078550 -0.32574550 1.00000000

0.63806940 -0.41513640 0.64848260 0.00000000
-0.72560070 -0.60598300 0.32601950 0.00000000
-0.25762660 0.67856220 0.68788210 0.00000000
-0.29878790 0.88582110 -0.31963220 1.00000000

0.66905920 -0.32470160 0.66852750 0.00000000
-0.68303650 -0.62320380 0.38089160 0.00000000
-0.29295290 0.71146730 0.63874320 0.00000000
-0.28001450 0.86369120 -0.30991170 1.00000000

0.69647780 0.01739351 0.71736760 0.00000000
-0.01063421 -0.99934620 0.03455500 0.00000000
-0.71749960 0.03169536 0.69583760 0.00000000
-0.24003710 0.94548750 -0.24622230 1.00000000

0.69312180 0.09615664 0.71437840 0.00000000
0.07252011 -0.99533610 0.06361189 0.00000000
-0.71716350 -0.00771605 0.69686250 0.00000000
-0.24016020 0.90951840 -0.24471080 1.00000000

-0.56218360 0.20270980 0.80178460 0.00000000
0.49581120 -0.69333190 0.52293610 0.00000000
-0.66190710 -0.69151980 -0.28927400 0.00000000
0.10392010 1.41755600 0.02104738 1.00000000

-0.31303290 0.32802010 0.89129880 0.00000000
0.34922740 -0.83296190 0.42920280 0.00000000
-0.88320480 -0.44562020 -0.14619090 0.00000000
0.16840500 1.32738100 0.08906008 1.00000000

-0.08175275 0.08127387 -0.99333350 0.00000000
-0.41449500 -0.90916010 -0.04027334 0.00000000
0.90637210 -0.40843920 -0.10801390 0.00000000
-0.15560670 0.50361410 0.04821659 1.00000000

0.05764449 0.03859346 -0.99759100 0.00000000
0.99817630 -0.02017266 0.05689788 0.00000000
0.01792824 0.99905150 0.03968593 0.00000000
-0.20867570 0.01244938 0.03548425 1.00000000

-0.02049272 -0.06259841 -0.99782850 0.00000000
0.74883180 -0.66224350 0.02616665 0.00000000
0.66244340 0.74666950 -0.06044683 0.00000000
-0.33043940 0.12013330 0.03122942 1.00000000

0.06666470 -0.53364830 0.84307510 0.00000000
0.36945860 -0.77169230 -0.51767890 0.00000000
-0.92685290 -0.34599210 -0.14571630 0.00000000
0.25770610 1.11438400 0.19881180 1.00000000

0.53058900 -0.18817610 0.82647780 0.00000000
0.32707630 -0.85407820 -0.40443950 0.00000000
-0.78198240 -0.48491220 0.39161680 0.00000000
0.34416570 0.93379490 0.07766614 1.00000000

0.45955240 -0.26792670 0.84677460 0.00000000
-0.37088220 -0.92419660 -0.09114261 0.00000000
-0.80700580 0.27216870 0.52408610 0.00000000
0.38083520 0.83261240 0.01992617 1.00000000

0.55936670 -0.69211570 0.45616360 0.00000000
-0.48933660 -0.71990240 -0.49222970 0.00000000
-0.66907310 -0.05211941 0.74136700 0.00000000
0.33264100 0.89871970 0.04217051 1.00000000

0.52608820 -0.17770690 0.83165600 0.00000000
-0.78559660 -0.47605940 0.39522850 0.00000000
-0.32568300 0.86127080 0.39005540 0.00000000
0.34651850 0.77743250 0.02402199 1.00000000

0.49918050 -0.19913190 0.84330670 0.00000000
-0.66395410 -0.71324740 0.22459530 0.00000000
-0.55676220 0.67203010 0.48825360 0.00000000
0.36800560 0.80041430 0.01689190 1.00000000

0.51551840 -0.35764390 0.77867320 0.00000000
-0.31124500 -0.92482020 -0.21871040 0.00000000
-0.79835310 0.12960900 0.58807670 0.00000000
0.36129450 0.80676080 -0.01428811 1.00000000

0.51603890 -0.35017840 0.78171560 0.00000000
-0.48832900 -0.87005390 -0.06738672 0.00000000
-0.70373200 0.34696010 0.61998400 0.00000000
0.35237110 0.78037110 -0.02058607 1.00000000

0.50575580 -0.40293790 0.76279250 0.00000000
-0.13462230 -0.91024700 -0.39157060 0.00000000
-0.85210800 -0.09535024 0.51460710 0.00000000
0.36543110 0.83518480 -0.00217173 1.00000000

0.50997060 -0.09743500 0.85465580 0.00000000
-0.30022530 -0.95124480 0.07069713 0.00000000
-0.80609860 0.29264270 0.51435940 0.00000000
0.39197320 0.82733930 0.03745596 1.00000000

0.55856160 -0.02734094 0.82901240 0.00000000
-0.67016360 -0.60380800 0.43162080 0.00000000
-0.48876350 0.79666090 0.35558690 0.00000000
0.38352100 0.80049550 0.03948247 1.00000000

0.57527910 -0.01488981 0.81782190 0.00000000
-0.80583580 -0.18180740 0.56353780 0.00000000
-0.14029500 0.98322150 0.11658860 0.00000000
0.36546550 0.78426910 0.05101850 1.00000000

0.47985780 -0.12965920 0.86771270 0.00000000
-0.48940400 -0.86040510 0.14208040 0.00000000
-0.72816230 0.49284040 0.47632780 0.00000000
0.39947690 0.83260520 0.05929237 1.00000000

0.57148060 -0.05569664 0.81872350 0.00000000
-0.81975850 -0.08434009 0.56646560 0.00000000
-0.03750096 0.99487920 0.09385639 0.00000000
0.38659310 0.80987620 0.06311387 1.00000000

0.59756880 -0.04542098 0.80053030 0.00000000
-0.72027960 0.40825230 0.56082800 0.00000000
0.35229160 0.91173860 -0.21124300 0.00000000
0.36894420 0.80806680 0.07524168 1.00000000

0.56756540 -0.40420700 0.71727730 0.00000000
-0.12348110 -0.90312840 -0.41123210 0.00000000
-0.81401610 -0.14483070 0.56249620 0.00000000
0.31030530 0.87235030 0.02015902 1.00000000

0.51392700 -0.36597440 0.77584930 0.00000000
-0.06935370 -0.91919370 -0.38765080 0.00000000
-0.85502600 -0.14541600 0.49778010 0.00000000
0.30573870 0.84061380 0.00537907 1.00000000

1.00000000 0.00000000 0.00000000 0.00000000
0.00000000 1.00000000 0.00000000 0.00000000
0.00000000 0.00000000 -1.00000000 0.00000000
0.00000000 0.00000000 0.00000000 1.00000000

0.26972000 -0.07346573 0.96013220 0.00000000
0.16470870 0.98591090 0.02916831 0.00000000
0.94874760 -0.15027490 -0.27802030 0.00000000
0.01162440 0.96945100 -0.01491391 1.00000000

-0.09910136 0.09422754 -0.99060600 0.00000000
-0.47339080 -0.88010190 -0.03635773 0.00000000
0.87525990 -0.46534070 -0.13182570 0.00000000
0.01738234 0.91138340 0.06316177 1.00000000

-0.19529980 0.02170468 -0.98050330 0.00000000
0.69676330 -0.70051070 -0.15429020 0.00000000
0.69020200 0.71331170 -0.12168660 0.00000000
-0.02414634 0.92292830 -0.09256125 1.00000000

0.77361040 -0.01903789 0.63337550 0.00000000
0.20125450 0.95517690 -0.21710350 0.00000000
0.60085230 -0.29542320 -0.74276610 0.00000000
0.11115930 1.50937100 -0.06396145 1.00000000

0.70394470 -0.07971551 0.70576720 0.00000000
0.27688790 0.94586320 -0.16933880 0.00000000
0.65406030 -0.31462360 -0.68790790 0.00000000
0.07965275 1.45201200 -0.03901492 1.00000000

0.29660400 -0.85737820 -0.42062900 0.00000000
-0.94989930 -0.31032510 -0.03727283 0.00000000
0.09857467 -0.41061040 0.90646680 0.00000000
-0.06470071 1.39021400 -0.14996230 1.00000000

0.61423800 -0.28118820 -0.73732270 0.00000000
-0.77871110 -0.36724990 -0.50866170 0.00000000
0.12775190 -0.88660070 0.44454320 0.00000000
0.03657792 1.43797900 -0.08380609 1.00000000

0.62192490 -0.03101170 0.78246260 0.00000000
0.18487760 0.97678350 -0.10823300 0.00000000
0.76093980 -0.21197260 -0.61321940 0.00000000
0.05250710 1.30859000 -0.02312302 1.00000000

0.54933940 -0.02716713 0.83515760 0.00000000
0.16048220 0.98429520 -0.07354151 0.00000000
0.82004360 -0.17442720 -0.54507210 0.00000000
0.03156164 1.18012400 -0.01352469 1.00000000

-0.18106450 0.02587744 -0.98313060 0.00000000
-0.52672850 -0.84674330 0.07472078 0.00000000
0.83052560 -0.53137210 -0.16694560 0.00000000
0.27399750 0.62318100 -0.15858170 1.00000000

-0.42977890 0.06830973 -0.90034650 0.00000000
0.49324750 -0.81744590 -0.29747090 0.00000000
0.75630490 0.57194060 -0.31762740 0.00000000
0.05185635 0.26607750 -0.12706920 1.00000000

-0.51651370 -0.00323837 -0.85627280 0.00000000
0.81081900 -0.32334670 -0.48787250 0.00000000
0.27529330 0.94627510 -0.16963880 0.00000000
0.13167510 0.13379620 -0.17520680 1.00000000

0.47220300 -0.02634720 0.88109600 0.00000000
0.13248170 0.99032100 -0.04138718 0.00000000
0.87147740 -0.13627230 -0.47112310 0.00000000
0.01643204 1.06702800 -0.00879822 1.00000000

0.95614520 -0.16152720 -0.24432650 0.00000000
-0.23041550 -0.92980660 -0.28699960 0.00000000
0.18081800 -0.33070980 0.92624840 0.00000000
-0.30750240 1.31089300 -0.15948950 1.00000000

0.77895300 -0.37639100 0.50155970 0.00000000
-0.30462050 -0.92624220 -0.22199590 0.00000000
-0.54812290 -0.02013895 0.83615540 0.00000000
-0.36142910 1.09328000 -0.22665910 1.00000000

0.86670800 -0.24572150 0.43409450 0.00000000
-0.26171050 -0.96485700 -0.02363448 0.00000000
-0.42464670 0.09312294 0.90055730 0.00000000
-0.35759400 1.04579200 -0.21107720 1.00000000

0.73008970 -0.45742680 0.50767090 0.00000000
-0.67343100 -0.60774700 0.42087360 0.00000000
-0.11601660 0.64915690 0.75175520 0.00000000
-0.40623620 0.94539660 -0.24867130 1.00000000

0.70648740 -0.47458490 0.52501860 0.00000000
-0.70616810 -0.42352230 0.56741160 0.00000000
0.04692791 0.77162050 0.63435010 0.00000000
-0.42744990 0.92614050 -0.23531720 1.00000000

0.77847340 -0.39328500 0.48918880 0.00000000
-0.49142640 -0.86674020 0.08521570 0.00000000
-0.39048570 0.30673850 0.86800490 0.00000000
-0.38929230 0.97510530 -0.25154750 1.00000000

0.77468430 -0.37445550 0.50955590 0.00000000
-0.52344190 -0.83184680 0.18449900 0.00000000
-0.35478570 0.40965150 0.84042430 0.00000000
-0.39517680 0.91272180 -0.23482210 1.00000000

0.78390530 -0.35799950 0.50727620 0.00000000
-0.45397210 -0.88785850 0.07494566 0.00000000
-0.42355880 0.28903960 0.85851850 0.00000000
-0.38124310 0.94010160 -0.23716590 1.00000000

0.80319660 -0.31007470 0.50865410 0.00000000
-0.31325110 -0.94611430 -0.08210669 0.00000000
-0.50670400 0.09338880 0.85704710 0.00000000
-0.37072520 0.97123650 -0.23434010 1.00000000

0.65783610 -0.56909510 0.49333790 0.00000000
-0.68985920 -0.71814260 0.09146476 0.00000000
-0.30223480 0.40050270 0.86501560 0.00000000
-0.41992050 1.00269200 -0.26853310 1.00000000

0.71764840 -0.49484180 0.49001260 0.00000000
-0.62223200 -0.77161110 0.13207490 0.00000000
-0.31274310 0.39968500 0.86165200 0.00000000
-0.40787340 0.98226850 -0.26309200 1.00000000

0.66381520 -0.54026130 0.51717250 0.00000000
-0.74724360 -0.45021310 0.48881000 0.00000000
0.03124724 0.71093330 0.70256510 0.00000000
-0.42478860 0.96120140 -0.25945930 1.00000000

0.57242950 -0.62652460 0.52895310 0.00000000
-0.77659330 -0.20725820 0.59493450 0.00000000
0.26311130 0.75133950 0.60519550 0.00000000
-0.43884080 0.98310180 -0.26607350 1.00000000

0.53269830 -0.63169300 0.56320190 0.00000000
-0.72003110 0.01142533 0.69384800 0.00000000
0.44473370 0.77513470 0.44875230 0.00000000
-0.45586230 0.97853640 -0.25300540 1.00000000

0.62461880 -0.55333890 0.55106040 0.00000000
-0.72190330 -0.14000480 0.67768310 0.00000000
0.29783730 0.82110610 0.48690680 0.00000000
-0.44439130 0.94942280 -0.24666870 1.00000000

0.84117910 -0.33320410 0.42590230 0.00000000
-0.38189920 -0.92366240 0.03164463 0.00000000
-0.38284560 0.18927060 0.90421550 0.00000000
-0.36452130 1.00630200 -0.21026030 1.00000000

0.85451470 -0.30592580 0.41977880 0.00000000
-0.33682720 -0.94156660 -0.00053764 0.00000000
-0.39541420 0.14093350 0.90762650 0.00000000
-0.37795540 0.97292640 -0.20896210 1.00000000

-0.43631530 0.17238810 0.88312590 0.00000000
0.57436170 -0.70214800 0.42082870 0.00000000
-0.69263090 -0.69084780 -0.20734480 0.00000000
0.11337820 1.43398000 0.01193661 1.00000000

-0.22609510 0.26744300 0.93667240 0.00000000
0.42791210 -0.83655630 0.34214730 0.00000000
-0.87508420 -0.47817120 -0.07469925 0.00000000
0.18807930 1.34265900 0.06666932 1.00000000

-0.08562796 0.07234634 -0.99369720 0.00000000
-0.50065020 -0.86542170 -0.01986567 0.00000000
0.86140420 -0.49579360 -0.11032450 0.00000000
-0.18511490 0.53491190 0.04760943 1.00000000

0.04233283 -0.00253736 -0.99910040 0.00000000
0.97174720 -0.23229950 0.04176384 0.00000000
0.23219660 0.97264110 0.00736825 0.00000000
-0.33064860 0.02111411 0.03842175 1.00000000

-0.05223562 -0.01762182 -0.99847940 0.00000000
0.40367140 -0.91489070 -0.00497158 0.00000000
0.91341170 0.40331720 -0.05490325 0.00000000
-0.39628760 0.16987980 0.03923014 1.00000000

0.26743680 -0.76059540 0.59158440 0.00000000
0.24205650 -0.54123030 -0.80528160 0.00000000
-0.93267700 -0.35855870 -0.03936216 0.00000000
0.29750090 1.12874200 0.15416010 1.00000000

0.71117400 -0.38913160 0.58549830 0.00000000
0.26236030 -0.62576220 -0.73456700 0.00000000
-0.65222590 -0.67601670 0.34293300 0.00000000
0.35414630 1.00208500 -0.03428972 1.00000000

0.63607050 -0.52897520 0.56178250 0.00000000
-0.35785270 -0.84724000 -0.39258870 0.00000000
-0.68363420 -0.04867879 0.72819970 0.00000000
0.38098140 0.93098170 -0.12989610 1.00000000

0.68104340 -0.72910740 0.06769297 0.00000000
-0.55163310 -0.57165960 -0.60737660 0.00000000
-0.48154000 -0.37630810 0.79152470 0.00000000
0.33636030 0.97974830 -0.07680728 1.00000000

0.69427890 -0.43464800 0.57363590 0.00000000
-0.66813210 -0.68553160 0.28921680 0.00000000
-0.26753780 0.58406130 0.76635210 0.00000000
0.34985640 0.87519520 -0.14281100 1.00000000

0.67169240 -0.46130370 0.57967940 0.00000000
-0.57922330 -0.81485240 0.02271187 0.00000000
-0.46187600 0.35101920 0.81452810 0.00000000
0.36863380 0.90141900 -0.14346440 1.00000000

0.68638460 -0.57208950 0.44898740 0.00000000
-0.33751390 -0.79746260 -0.50013780 0.00000000
-0.64417420 -0.19174750 0.74045440 0.00000000
0.35456600 0.91708790 -0.16748680 1.00000000

0.68767120 -0.56591520 0.45480600 0.00000000
-0.47808220 -0.82441340 -0.30295270 0.00000000
-0.54639380 0.00910272 0.83747910 0.00000000
0.34488110 0.89434960 -0.18180080 1.00000000

0.67399660 -0.60861650 0.41870610 0.00000000
-0.20523720 -0.69874480 -0.68529810 0.00000000
-0.70965240 -0.37595430 0.59586230 0.00000000
0.36088410 0.93894270 -0.14617300 1.00000000

0.68866470 -0.35423220 0.63266150 0.00000000
-0.21862120 -0.93337570 -0.28463100 0.00000000
-0.69133630 -0.05770211 0.72022560 0.00000000
0.39600630 0.92151540 -0.11790450 1.00000000

0.72656850 -0.27283250 0.63060340 0.00000000
-0.52403320 -0.81363850 0.25175710 0.00000000
-0.44439560 0.51337590 0.73413740 0.00000000
0.38986320 0.89516630 -0.12591220 1.00000000

0.74018590 -0.25422380 0.62249110 0.00000000
-0.65211770 -0.49708560 0.57240580 0.00000000
-0.16391210 0.82962420 0.53371950 0.00000000
0.37572220 0.87331940 -0.11919490 1.00000000

0.64207970 -0.42364110 0.63895390 0.00000000
-0.41404190 -0.89306940 -0.17605780 0.00000000
-0.64521540 0.15151060 0.74882690 0.00000000
0.40802970 0.92004590 -0.09755405 1.00000000

0.71877090 -0.32553080 0.61432730 0.00000000
-0.69200160 -0.42025090 0.58696100 0.00000000
-0.06709757 0.84700590 0.52733190 0.00000000
0.39714890 0.89643070 -0.10215130 1.00000000

0.73984100 -0.30550380 0.59941860 0.00000000
-0.62144850 0.03101873 0.78284100 0.00000000
0.25775410 0.95168550 0.16690580 0.00000000
0.38223730 0.88741750 -0.08957156 1.00000000

0.73489930 -0.54853230 0.39879220 0.00000000
-0.17339490 -0.72046930 -0.67145980 0.00000000
-0.65563500 -0.42430690 0.62458510 0.00000000
0.31096490 0.95957810 -0.10184650 1.00000000

0.69796070 -0.53174980 0.47968030 0.00000000
-0.09317802 -0.73155440 -0.67538580 0.00000000
-0.71004860 -0.42669710 0.56014370 0.00000000
0.30457510 0.93434280 -0.12569740 1.00000000

1.00000000 0.00000000 0.00000000 0.00000000
0.00000000 1.00000000 0.00000000 0.00000000
0.00000000 0.00000000 -1.00000000 0.00000000
0.00000000 0.00000000 0.00000000 1.00000000

0.28936060 -0.07695920 0.95412150 0.00000000
0.18409570 0.98262910 0.02342711 0.00000000
0.93935050 -0.16887080 -0.29850200 0.00000000
0.02087071 0.97716390 -0.02075951 1.00000000

-0.09499383 0.09967218 -0.99047550 0.00000000
-0.51327590 -0.85742330 -0.03705618 0.00000000
0.85295030 -0.50486700 -0.13260920 0.00000000
0.02723854 0.91913120 0.05729474 1.00000000

-0.17710310 -0.03854810 -0.98343710 0.00000000
0.66061750 -0.74533810 -0.08975258 0.00000000
0.72953350 0.66557120 -0.15746730 0.00000000
-0.01748364 0.93120040 -0.09750137 1.00000000

0.81491090 -0.00614841 0.57955380 0.00000000
0.17601460 0.95534270 -0.23735900 0.00000000
0.55221310 -0.29543630 -0.77960130 0.00000000
0.11472800 1.51779500 -0.07619337 1.00000000

0.76201470 -0.07234662 0.64350580 0.00000000
0.25216000 0.94845340 -0.19196760 0.00000000
0.59644690 -0.30854850 -0.74097840 0.00000000
0.08601949 1.46014200 -0.04867952 1.00000000

0.11400370 -0.84954270 -0.51505380 0.00000000
-0.97935610 -0.18320990 0.08541709 0.00000000
0.16692840 -0.49468320 0.85289130 0.00000000
-0.06701139 1.39647000 -0.14621680 1.00000000

0.55349470 -0.27160470 -0.78732120 0.00000000
-0.81305770 -0.38109060 -0.44012170 0.00000000
0.18050160 -0.88374270 0.43176200 0.00000000
0.03873435 1.44603500 -0.08897485 1.00000000

0.69853700 -0.03092220 0.71490540 0.00000000
