MeshAnim
1
134
53
30
-0.99905950 0.01689666 0.03993249 0.00000000
0.01952258 0.99760800 0.06631123 0.00000000
-0.03871653 0.06702846 -0.99699960 0.00000000
0.00001940 0.96790430 -0.00561977 1.00000000

0.94211960 -0.14832680 -0.30068220 0.00000000
-0.20165890 -0.96715280 -0.15475520 0.00000000
-0.26785140 0.20643320 -0.94108500 0.00000000
-0.08145023 0.91487080 0.00151882 1.00000000

0.95766110 0.15257170 0.24414590 0.00000000
0.19247120 -0.96995170 -0.14882500 0.00000000
0.21410320 0.18951490 -0.95825050 0.00000000
0.07987820 0.91228560 -0.00708536 1.00000000

-0.99979970 -0.00311396 0.01976515 0.00000000
-0.00726366 0.97691300 -0.21351420 0.00000000
-0.01864395 -0.21361510 -0.97674010 0.00000000
-0.00135005 1.51443000 0.04100995 1.00000000

-0.99961230 -0.01025474 0.02588524 0.00000000
-0.01414973 0.98779850 -0.15509310 0.00000000
-0.02397897 -0.15539930 -0.98756070 0.00000000
0.00007374 1.45111300 0.07090877 1.00000000

-0.58457880 0.01197492 -0.81124870 0.00000000
0.29095680 -0.93029030 -0.22339290 0.00000000
-0.75737190 -0.36662910 0.54034390 0.00000000
0.18146300 1.38518900 0.07654049 1.00000000

0.10989580 0.11349770 -0.98744210 0.00000000
0.91945710 -0.38894510 0.05762375 0.00000000
-0.37752030 -0.91424310 -0.14709940 0.00000000
0.06187896 1.43577500 0.06904598 1.00000000

-0.99909590 -0.02669344 0.03308697 0.00000000
-0.02226646 0.99157460 0.12760910 0.00000000
-0.03621453 0.12675700 -0.99127260 0.00000000
0.00334314 1.30552000 0.05217189 1.00000000

-0.99932420 -0.00984061 0.03541612 0.00000000
-0.00438561 0.98853560 0.15092410 0.00000000
-0.03649528 0.15066680 -0.98791070 0.00000000
0.00391553 1.17650000 0.03247392 1.00000000

0.90298070 0.21462590 0.37223890 0.00000000
0.09567872 -0.94499780 0.31276940 0.00000000
0.41889330 -0.24680940 -0.87384980 0.00000000
0.16223630 0.49724500 -0.07076732 1.00000000

0.89605840 0.08176690 0.43634110 0.00000000
0.40270920 -0.56335850 -0.72142400 0.00000000
0.18682790 0.82215670 -0.53773030 0.00000000
0.20258760 0.09870392 0.06113924 1.00000000

0.86777750 -0.01575267 0.49670340 0.00000000
0.49662670 -0.00873386 -0.86792040 0.00000000
0.01801025 0.99983790 0.00024407 0.00000000
0.26775520 0.00753969 -0.05560361 1.00000000

-0.99924610 0.00695033 0.03819405 0.00000000
0.01350348 0.98463460 0.17410480 0.00000000
-0.03639709 0.17448930 -0.98398610 0.00000000
0.00237341 1.06405300 0.01259091 1.00000000

-0.63883990 0.32635500 -0.69668940 0.00000000
0.04926069 -0.88635800 -0.46037280 0.00000000
-0.76776120 -0.32842400 0.55016450 0.00000000
0.25583380 1.14739900 0.01943950 1.00000000

-0.31532380 0.32162540 -0.89282050 0.00000000
0.14205840 -0.91421850 -0.37950540 0.00000000
-0.93829130 -0.24649960 0.24258520 0.00000000
0.26736290 0.93995510 -0.08830661 1.00000000

-0.24036550 0.85368040 -0.46201160 0.00000000
-0.55516640 -0.51133720 -0.65599140 0.00000000
-0.79625050 0.09881561 0.59684250 0.00000000
0.25276160 0.91026700 -0.12596400 1.00000000

-0.49504470 0.24715880 -0.83297290 0.00000000
-0.72396300 0.41275440 0.55273100 0.00000000
0.48042540 0.87666790 -0.02539824 0.00000000
0.26859080 0.80123280 -0.15013370 1.00000000

-0.54282540 0.33374770 -0.77068380 0.00000000
-0.02949056 0.90950880 0.41463760 0.00000000
0.83932790 0.24780370 -0.48386200 0.00000000
0.24565760 0.81430430 -0.13274550 1.00000000

-0.30855330 0.31868240 -0.89623500 0.00000000
-0.46794010 -0.87116620 -0.14866710 0.00000000
-0.82814690 0.37351240 0.41792540 0.00000000
0.28462060 0.83116430 -0.14512030 1.00000000

-0.54664310 0.34756830 -0.76182540 0.00000000
-0.05148785 0.89411530 0.44486760 0.00000000
0.83578140 0.28240850 -0.47086640 0.00000000
0.23123760 0.82778360 -0.14966030 1.00000000

-0.49686850 0.26074180 -0.82772930 0.00000000
-0.73445620 0.38172420 0.56112480 0.00000000
0.46227290 0.88673620 0.00183656 0.00000000
0.25390040 0.81600480 -0.16689240 1.00000000

-0.32343800 0.32404690 -0.88903420 0.00000000
-0.55155880 -0.82798280 -0.10113210 0.00000000
-0.76887660 0.45764450 0.44653180 0.00000000
0.27201820 0.84338970 -0.16376220 1.00000000

-0.22931360 0.23994470 -0.94331440 0.00000000
-0.54214700 -0.83637540 -0.08095074 0.00000000
-0.80838870 0.49285190 0.32187750 0.00000000
0.29443060 0.82829430 -0.10172500 1.00000000

-0.31258650 0.28714040 -0.90545040 0.00000000
-0.45755960 -0.88085570 -0.12137840 0.00000000
-0.83242370 0.37635620 0.40672740 0.00000000
0.29172260 0.82223210 -0.12512970 1.00000000

-0.53714220 0.23598810 -0.80980750 0.00000000
-0.53102370 0.65132140 0.54202890 0.00000000
0.65535700 0.72117330 -0.22453700 0.00000000
0.27922870 0.79823840 -0.12849820 1.00000000

-0.41885590 0.17426600 -0.89117430 0.00000000
-0.80771810 0.37693020 0.45333850 0.00000000
0.41491180 0.90970070 -0.01712187 0.00000000
0.27962440 0.80540250 -0.10385920 1.00000000

-0.41569670 0.42120190 -0.80609270 0.00000000
0.80890270 0.57639310 -0.11596730 0.00000000
0.41578070 -0.70025770 -0.58031560 0.00000000
0.26189130 0.81367740 -0.09393907 1.00000000

-0.54948870 0.37873640 -0.74472890 0.00000000
0.40981600 0.89894010 0.15478360 0.00000000
0.72808900 -0.22015020 -0.64916960 0.00000000
0.26533260 0.81529700 -0.11426780 1.00000000

-0.40956810 0.33623490 -0.84805690 0.00000000
-0.28720300 -0.92985610 -0.22996190 0.00000000
-0.86589190 0.14937950 0.47740700 0.00000000
0.22963840 0.89332760 -0.15400840 1.00000000

-0.58564910 0.26459040 -0.76616410 0.00000000
0.08636740 -0.91947160 -0.38355290 0.00000000
-0.80595050 -0.29079890 0.51563560 0.00000000
0.21914650 0.85997900 -0.16260320 1.00000000

0.15384060 -0.10799030 0.98217670 0.00000000
-0.89518400 -0.43604100 0.09227192 0.00000000
0.41830470 -0.89342400 -0.16375190 0.00000000
-0.06083244 1.43250000 0.07252845 1.00000000

-0.24760150 -0.13489840 0.95942470 0.00000000
-0.29547360 -0.93257190 -0.20737640 0.00000000
0.92270730 -0.33483140 0.19104750 0.00000000
-0.17725950 1.37578900 0.08452928 1.00000000

0.90958560 -0.17147640 -0.37848380 0.00000000
-0.05765936 -0.95415100 0.29372000 0.00000000
-0.41149670 -0.24534030 -0.87776910 0.00000000
-0.16771160 0.50116250 -0.06467912 1.00000000

0.86956930 0.01735260 -0.49350590 0.00000000
-0.49342760 -0.00883611 -0.86974210 0.00000000
-0.01945295 0.99981040 0.00087856 0.00000000
-0.25710850 0.00753647 -0.05866075 1.00000000

0.89793090 -0.08181024 -0.43246660 0.00000000
-0.40021190 -0.56067320 -0.72489730 0.00000000
-0.18316840 0.82398580 -0.53618730 0.00000000
-0.19203220 0.09870464 0.05921103 1.00000000

-0.31313980 -0.40437050 0.85931840 0.00000000
-0.18003450 -0.86314280 -0.47177550 0.00000000
0.93248650 -0.30243870 0.19748380 0.00000000
-0.25281510 1.13732000 0.03150092 1.00000000

-0.41224350 -0.35466850 0.83920530 0.00000000
-0.11860100 -0.89238790 -0.43540500 0.00000000
0.90332110 -0.27902340 0.32581730 0.00000000
-0.29494640 0.93533030 -0.07890263 1.00000000

-0.40138090 -0.37281510 0.83660160 0.00000000
0.47107950 -0.86736380 -0.16051120 0.00000000
0.78547910 0.32967980 0.52376900 0.00000000
-0.30759220 0.83056120 -0.14038420 1.00000000

-0.27602080 -0.88729750 0.36948050 0.00000000
0.61835520 -0.45822980 -0.63848400 0.00000000
0.73583240 0.05223535 0.67514630 0.00000000
-0.27691320 0.90600060 -0.11681830 1.00000000

-0.56612580 -0.37597950 0.73358090 0.00000000
0.00745367 0.88755270 0.46064620 0.00000000
-0.82428510 0.26625150 -0.49966420 0.00000000
-0.26903650 0.81252320 -0.12589210 1.00000000

-0.53552660 -0.31570800 0.78328780 0.00000000
0.68684820 0.37683640 0.62147740 0.00000000
-0.49137650 0.87081740 0.01503747 0.00000000
-0.29126720 0.80032350 -0.14583360 1.00000000

-0.53829190 -0.32661950 0.77689210 0.00000000
0.69699950 0.34566220 0.62825880 0.00000000
-0.47374360 0.87968010 0.04158635 0.00000000
-0.27767440 0.81209570 -0.16607180 1.00000000

-0.57145610 -0.38567980 0.72435420 0.00000000
0.03009474 0.87223490 0.48816040 0.00000000
-0.82008070 0.30076150 -0.48683700 0.00000000
-0.25773200 0.82198950 -0.14817980 1.00000000

-0.41433170 -0.37567240 0.82897500 0.00000000
0.54962580 -0.82927120 -0.10109680 0.00000000
0.72542450 0.41373830 0.55007260 0.00000000
-0.29475930 0.83799200 -0.16301860 1.00000000

-0.40752890 -0.34462650 0.84566710 0.00000000
0.45941560 -0.87770310 -0.13628820 0.00000000
0.78921340 0.33297120 0.51601620 0.00000000
-0.31589210 0.82183300 -0.12266180 1.00000000

-0.56906280 -0.30178640 0.76491340 0.00000000
0.49506680 0.61699840 0.61173700 0.00000000
-0.65656420 0.72680000 -0.20170660 0.00000000
-0.30294440 0.79705510 -0.12647590 1.00000000

-0.57391640 -0.40036070 0.71437460 0.00000000
-0.41237460 0.89496050 0.17027250 0.00000000
-0.70750780 -0.19686770 -0.67873120 0.00000000
-0.28959430 0.81366150 -0.11009390 1.00000000

-0.32486300 -0.30027850 0.89682610 0.00000000
0.54000480 -0.83738240 -0.08476587 0.00000000
0.77643980 0.45675320 0.43418650 0.00000000
-0.32315740 0.82403980 -0.10022940 1.00000000

-0.46607090 -0.24719360 0.84951340 0.00000000
0.77691260 0.34504450 0.52664180 0.00000000
-0.42330230 0.90545000 0.03123249 0.00000000
-0.30892510 0.80190480 -0.10239540 1.00000000

-0.46004040 -0.42908360 0.77733550 0.00000000
-0.79378060 0.59102520 -0.14353160 0.00000000
-0.39783780 -0.68306410 -0.61249380 0.00000000
-0.29220290 0.80933370 -0.09112505 1.00000000

-0.48836720 -0.37401840 0.78842110 0.00000000
0.30236370 -0.92004930 -0.24916970 0.00000000
0.81858020 0.11670360 0.56241150 0.00000000
-0.25053400 0.89113000 -0.14441800 1.00000000

-0.65161230 -0.19711600 0.73249330 0.00000000
-0.12217680 -0.92576620 -0.35781220 0.00000000
0.74864820 -0.32264870 0.57915780 0.00000000
-0.23968110 0.85878500 -0.15350250 1.00000000

-1.00000000 0.00000000 0.00000000 0.00000000
0.00000000 1.00000000 0.00000000 0.00000000
0.00000000 0.00000000 -1.00000000 0.00000000
0.00000000 0.00000000 0.00000000 1.00000000

-0.99905940 0.01555187 0.04047835 0.00000000
0.01819419 0.99767020 0.06574968 0.00000000
-0.03936151 0.06642430 -0.99701480 0.00000000
0.00001808 0.96777240 -0.00479399 1.00000000

0.94253640 -0.14715640 -0.29995020 0.00000000
-0.20075000 -0.96708290 -0.15636510 0.00000000
-0.26706660 0.20759480 -0.94105240 0.00000000
-0.08137492 0.91463150 0.00241914 1.00000000

0.95802210 0.15233250 0.24287540 0.00000000
0.19205420 -0.96997900 -0.14918300 0.00000000
0.21285860 0.18956590 -0.95851760 0.00000000
0.07995208 0.91226230 -0.00627326 1.00000000

-0.99976810 -0.00401332 0.02115527 0.00000000
-0.00859503 0.97519340 -0.22118700 0.00000000
-0.01974279 -0.22131740 -0.97500190 0.00000000
-0.00169828 1.51430200 0.03964130 1.00000000

-0.99959030 -0.01048990 0.02662968 0.00000000
-0.01469077 0.98654550 -0.16282520 0.00000000
-0.02456337 -0.16314960 -0.98629550 0.00000000
-0.00022660 1.45122200 0.07003478 1.00000000

-0.60188630 0.02950430 -0.79803640 0.00000000
0.27159170 -0.93218730 -0.23930080 0.00000000
-0.75097980 -0.36077200 0.55305770 0.00000000
0.18111250 1.38521100 0.07599349 1.00000000

0.10928130 0.10665920 -0.98827190 0.00000000
0.91906310 -0.38958070 0.05958272 0.00000000
-0.37865650 -0.91479550 -0.14060020 0.00000000
0.06157972 1.43587900 0.06824421 1.00000000

-0.99907580 -0.02659982 0.03376142 0.00000000
-0.02233445 0.99240520 0.12096620 0.00000000
-0.03672269 0.12010030 -0.99208220 0.00000000
0.00305278 1.30550700 0.05227328 1.00000000

-0.99929930 -0.01027183 0.03599004 0.00000000
-0.00487495 0.98913200 0.14694810 0.00000000
-0.03710834 0.14666970 -0.98848920 0.00000000
0.00368903 1.17640900 0.03309425 1.00000000

0.90277450 0.21450310 0.37280890 0.00000000
0.09560216 -0.94515730 0.31231010 0.00000000
0.41935460 -0.24630430 -0.87377110 0.00000000
0.16213180 0.49720990 -0.07010844 1.00000000

0.89578370 0.08200265 0.43686040 0.00000000
0.40324570 -0.56338360 -0.72110440 0.00000000
0.18698750 0.82211580 -0.53773720 0.00000000
0.20245080 0.09860176 0.06160444 1.00000000

0.86748150 -0.01545225 0.49722920 0.00000000
0.49714050 -0.00940319 -0.86761900 0.00000000
0.01808222 0.99983630 -0.00047524 0.00000000
0.26770510 0.00743341 -0.05508670 1.00000000

-0.99923180 0.00598418 0.03873118 0.00000000
0.01259542 0.98487950 0.17278200 0.00000000
-0.03711159 0.17313710 -0.98419820 0.00000000
0.00225062 1.06393500 0.01336230 1.00000000

-0.64647470 0.29767630 -0.70246650 0.00000000
0.06359424 -0.89651260 -0.43843020 0.00000000
-0.76028040 -0.32810690 0.56064220 0.00000000
0.25053340 1.14693700 0.01482634 1.00000000

-0.32348290 0.29376570 -0.89947790 0.00000000
0.15709820 -0.92072110 -0.35720130 0.00000000
-0.93310180 -0.25685490 0.25168750 0.00000000
0.26541710 0.93711600 -0.08778428 1.00000000

-0.25670730 0.83758840 -0.48223090 0.00000000
-0.54791110 -0.53714670 -0.64130070 0.00000000
-0.79617500 0.09959310 0.59681350 0.00000000
0.25123560 0.90624980 -0.12464660 1.00000000

-0.50169070 0.21766050 -0.83721570 0.00000000
-0.72956600 0.41356190 0.54470150 0.00000000
0.46480070 0.88407590 -0.04868263 0.00000000
0.26891840 0.79694440 -0.14615920 1.00000000

-0.55081570 0.30491600 -0.77693510 0.00000000
-0.04436563 0.91886440 0.39207080 0.00000000
0.83344690 0.25042810 -0.49259710 0.00000000
0.24580740 0.81003830 -0.12902510 1.00000000

-0.31667130 0.29085810 -0.90284040 0.00000000
-0.45290790 -0.88267920 -0.12550550 0.00000000
-0.83342280 0.36915960 0.41125120 0.00000000
0.28443150 0.82726820 -0.14194140 1.00000000

-0.55485150 0.31888300 -0.76840930 0.00000000
-0.06600201 0.90384200 0.42274480 0.00000000
0.82932700 0.28527730 -0.48045140 0.00000000
0.23110370 0.82283800 -0.14622140 1.00000000

-0.50373920 0.23133530 -0.83230460 0.00000000
-0.73948610 0.38256990 0.55389580 0.00000000
0.44655040 0.89449660 -0.02164636 0.00000000
0.25392200 0.81103510 -0.16323040 1.00000000

-0.33162780 0.29613740 -0.89572620 0.00000000
-0.53714090 -0.83980550 -0.07878163 0.00000000
-0.77556600 0.45500490 0.43757030 0.00000000
0.27156240 0.83880360 -0.16083900 1.00000000

-0.23618780 0.21238080 -0.94821380 0.00000000
-0.52752510 -0.84752760 -0.05842936 0.00000000
-0.81604690 0.48640630 0.31221190 0.00000000
0.29441370 0.82564950 -0.09852056 1.00000000

-0.32017310 0.25903110 -0.91125830 0.00000000
-0.44228070 -0.89150430 -0.09801919 0.00000000
-0.83778100 0.37164900 0.40000020 0.00000000
0.29174670 0.81896150 -0.12175900 1.00000000

-0.54351860 0.20633010 -0.81364320 0.00000000
-0.54089950 0.65514390 0.52746070 0.00000000
0.64188440 0.72678360 -0.24447930 0.00000000
0.27966880 0.79467560 -0.12449100 1.00000000

-0.42439240 0.14469550 -0.89384230 0.00000000
-0.81295720 0.37381430 0.44650170 0.00000000
0.39873770 0.91614740 -0.04101281 0.00000000
0.28000790 0.80245520 -0.10003850 1.00000000

-0.42535150 0.39368520 -0.81491580 0.00000000
0.79826910 0.58746500 -0.13285890 0.00000000
0.42643020 -0.70703400 -0.56414590 0.00000000
0.26215960 0.81066060 -0.09026849 1.00000000

-0.55819870 0.35041110 -0.75208120 0.00000000
0.39432030 0.90957060 0.13112220 0.00000000
0.73001780 -0.22336870 -0.64589520 0.00000000
0.26551420 0.81183530 -0.11064220 1.00000000

-0.41784300 0.30782330 -0.85478170 0.00000000
-0.27139440 -0.94018360 -0.20591230 0.00000000
-0.86703650 0.14594400 0.47639070 0.00000000
0.22833550 0.88821550 -0.15218690 1.00000000

-0.59239880 0.23515030 -0.77056320 0.00000000
0.10149750 -0.92705120 -0.36093520 0.00000000
-0.79922570 -0.29202790 0.52531690 0.00000000
0.21840960 0.85448470 -0.15991840 1.00000000

0.15311800 -0.10209160 0.98292020 0.00000000
-0.89586990 -0.43415870 0.09446329 0.00000000
0.41709950 -0.89503250 -0.15793840 0.00000000
-0.06112950 1.43261300 0.07180951 1.00000000

-0.25065190 -0.11593770 0.96110970 0.00000000
-0.29595860 -0.93609210 -0.19010420 0.00000000
0.92172770 -0.33209860 0.20032050 0.00000000
-0.17764570 1.37614600 0.08409535 1.00000000

0.90963830 -0.17283240 -0.37773940 0.00000000
-0.05899764 -0.95387040 0.29436480 0.00000000
-0.41119020 -0.24547980 -0.87787380 0.00000000
-0.16724750 0.50095310 -0.06446745 1.00000000

0.86973180 0.01731521 -0.49322050 0.00000000
-0.49313670 -0.00911294 -0.86990410 0.00000000
-0.01955725 0.99980850 0.00061286 0.00000000
-0.25716030 0.00740856 -0.05817544 1.00000000

0.89808330 -0.08182879 -0.43214620 0.00000000
-0.39991270 -0.56089970 -0.72488730 0.00000000
-0.18307400 0.82382980 -0.53645910 0.00000000
-0.19213260 0.09861356 0.05969467 1.00000000

-0.31674720 -0.38985030 0.86468950 0.00000000
-0.17835830 -0.87088640 -0.45797940 0.00000000
0.93158970 -0.29928810 0.20631790 0.00000000
-0.25332550 1.13677800 0.03548368 1.00000000

-0.41368020 -0.33803310 0.84534140 0.00000000
-0.11863010 -0.90058570 -0.41817730 0.00000000
0.90266030 -0.27327460 0.33245370 0.00000000
-0.29506440 0.93297520 -0.07169132 1.00000000

-0.40282710 -0.35623430 0.84310570 0.00000000
0.47068060 -0.87064090 -0.14298250 0.00000000
0.78497770 0.33923630 0.51839030 0.00000000
-0.30769900 0.82704170 -0.13114660 1.00000000

-0.27717950 -0.87976990 0.38623320 0.00000000
0.61892380 -0.47096010 -0.62859320 0.00000000
0.73491810 0.06481570 0.67505130 0.00000000
-0.27699890 0.90290310 -0.10900510 1.00000000

-0.56742910 -0.36128290 0.73993180 0.00000000
0.00744379 0.89631800 0.44334950 0.00000000
-0.82338850 0.25707720 -0.50590740 0.00000000
-0.26917690 0.80926170 -0.11625230 1.00000000

-0.53685640 -0.30007950 0.78850340 0.00000000
0.68624330 0.38834810 0.61502500 0.00000000
-0.49077010 0.87128520 -0.00255956 0.00000000
-0.29138810 0.79669280 -0.13598500 1.00000000

-0.53962050 -0.31111100 0.78231670 0.00000000
0.69636280 0.35730420 0.62242440 0.00000000
-0.47316830 0.88064900 0.02383743 0.00000000
-0.27775830 0.80806070 -0.15642850 1.00000000

-0.57275310 -0.37115660 0.73088740 0.00000000
0.03003513 0.88152100 0.47118790 0.00000000
-0.81917740 0.29182670 -0.49374640 0.00000000
-0.25783410 0.81828610 -0.13870340 1.00000000

-0.41576910 -0.35923000 0.83551780 0.00000000
0.54917040 -0.83145700 -0.08420678 0.00000000
0.72494670 0.42383100 0.54297280 0.00000000
-0.29482870 0.83402320 -0.15390260 1.00000000

-0.40896750 -0.32787080 0.85161390 0.00000000
0.45897490 -0.88050010 -0.11858010 0.00000000
0.78872510 0.34237390 0.51058060 0.00000000
-0.31603010 0.81866480 -0.11326990 1.00000000

-0.57035660 -0.28649380 0.76981460 0.00000000
0.49464880 0.62840860 0.60035420 0.00000000
-0.65575600 0.72320370 -0.21670330 0.00000000
-0.30309500 0.79380860 -0.11658420 1.00000000

-0.57520990 -0.38602680 0.72119120 0.00000000
-0.41196960 0.89838110 0.15229000 0.00000000
-0.70669250 -0.20951010 -0.67578940 0.00000000
-0.28975590 0.81072070 -0.10050850 1.00000000

-0.32634180 -0.28259580 0.90202030 0.00000000
0.53952080 -0.83924330 -0.06773520 0.00000000
0.77615610 0.46455390 0.42634640 0.00000000
-0.32332550 0.82131160 -0.09089495 1.00000000

-0.46744470 -0.23034120 0.85348610 0.00000000
0.77641830 0.35465970 0.52095220 0.00000000
-0.42269380 0.90617840 0.01305725 0.00000000
-0.30910600 0.79912890 -0.09261081 1.00000000

-0.46144360 -0.41360130 0.78485910 0.00000000
-0.79315200 0.58867850 -0.15610010 0.00000000
-0.39746650 -0.69454390 -0.59969090 0.00000000
-0.29239440 0.80676360 -0.08146296 1.00000000

-0.48974630 -0.35831190 0.79483400 0.00000000
0.30205180 -0.92491970 -0.23084200 0.00000000
0.81787110 0.12702700 0.56120470 0.00000000
-0.25059160 0.88748150 -0.13627360 1.00000000

-0.65278480 -0.18241500 0.73525260 0.00000000
-0.12233930 -0.93244960 -0.33995670 0.00000000
0.74759920 -0.31186890 0.58637270 0.00000000
-0.23974920 0.85495880 -0.14471330 1.00000000

-1.00000000 0.00000000 0.00000000 0.00000000
0.00000000 1.00000000 0.00000000 0.00000000
0.00000000 0.00000000 -1.00000000 0.00000000
0.00000000 0.00000000 0.00000000 1.00000000

-0.99904960 0.01413342 0.04123232 0.00000000
0.01673245 0.99784890 0.06338536 0.00000000
-0.04024777 0.06401504 -0.99713700 0.00000000
0.00004639 0.96747050 -0.00376975 1.00000000

0.94343550 -0.14538670 -0.29798010 0.00000000
-0.19904180 -0.96711740 -0.15832270 0.00000000
-0.26516380 0.20867770 -0.94135110 0.00000000
-0.08126020 0.91422340 0.00363294 1.00000000

0.95823360 0.15258600 0.24188070 0.00000000
0.19215170 -0.96993240 -0.14936320 0.00000000
0.21181720 0.18960260 -0.95874100 0.00000000
0.08006331 0.91207810 -0.00518155 1.00000000

-0.99970430 -0.00645641 0.02344422 0.00000000
-0.01186339 0.97108330 -0.23844580 0.00000000
-0.02122679 -0.23865340 -0.97087280 0.00000000
-0.00217324 1.51395400 0.03593985 1.00000000

-0.99955370 -0.01132634 0.02763978 0.00000000
-0.01611802 0.98356440 -0.17983670 0.00000000
-0.02514862 -0.18020190 -0.98330800 0.00000000
-0.00059411 1.45141000 0.06741761 1.00000000

-0.62495490 0.03666405 -0.77979950 0.00000000
0.25558480 -0.93423540 -0.24875860 0.00000000
-0.73763660 -0.35476780 0.57448430 0.00000000
0.18080710 1.38562400 0.07409762 1.00000000

0.10816560 0.09346214 -0.98972980 0.00000000
0.91950410 -0.38785770 0.06386448 0.00000000
-0.37790530 -0.91696860 -0.12789150 0.00000000
0.06121706 1.43606900 0.06579145 1.00000000

-0.99904020 -0.02652834 0.03485446 0.00000000
-0.02264585 0.99395630 0.10741510 0.00000000
-0.03749336 0.10652270 -0.99360310 0.00000000
0.00273099 1.30546700 0.05164583 1.00000000

-0.99926380 -0.01079302 0.03681603 0.00000000
-0.00558703 0.99032150 0.13867990 0.00000000
-0.03795648 0.13837210 -0.98965270 0.00000000
0.00346019 1.17621500 0.03354592 1.00000000

0.90253780 0.21399260 0.37367530 0.00000000
0.09475967 -0.94520680 0.31241820 0.00000000
0.42005560 -0.24655990 -0.87336220 0.00000000
0.16228470 0.49704580 -0.06909383 1.00000000

0.89534420 0.08261532 0.43764580 0.00000000
0.40419920 -0.56338940 -0.72056630 0.00000000
0.18703510 0.82205090 -0.53782020 0.00000000
0.20224840 0.09841669 0.06266465 1.00000000

0.86703070 -0.01470802 0.49803790 0.00000000
0.49792610 -0.01073932 -0.86715300 0.00000000
0.01810271 0.99983450 -0.00198780 0.00000000
0.26765700 0.00724739 -0.05393941 1.00000000

-0.99920930 0.00485822 0.03946202 0.00000000
0.01149584 0.98541710 0.16976750 0.00000000
-0.03806178 0.17008700 -0.98469380 0.00000000
0.00214735 1.06367900 0.01415823 1.00000000

-0.66123460 0.26132120 -0.70319290 0.00000000
0.07867306 -0.90804160 -0.41142590 0.00000000
-0.74604250 -0.32737130 0.57986960 0.00000000
0.24613670 1.14682700 0.01051298 1.00000000

-0.34057190 0.25847880 -0.90399100 0.00000000
0.17364700 -0.92763710 -0.33066010 0.00000000
-0.92404420 -0.26958890 0.27104320 0.00000000
0.26454930 0.93430760 -0.08577754 1.00000000

-0.28120120 0.81632590 -0.50451760 0.00000000
-0.54313150 -0.56880900 -0.61762810 0.00000000
-0.79116020 0.10034180 0.60332210 0.00000000
0.25063670 0.90200610 -0.12149470 1.00000000

-0.51627220 0.18040130 -0.83720860 0.00000000
-0.73227480 0.41394590 0.54076110 0.00000000
0.44411310 0.89224700 -0.08160559 0.00000000
0.27052980 0.79250590 -0.13985580 1.00000000

-0.56664440 0.26837120 -0.77903230 0.00000000
-0.06049972 0.92936710 0.36416610 0.00000000
0.82173850 0.25348390 -0.51038410 0.00000000
0.24733170 0.80560830 -0.12284630 1.00000000

-0.33373620 0.25562040 -0.90734700 0.00000000
-0.43430070 -0.89598760 -0.09267753 0.00000000
-0.83666190 0.36313150 0.41003970 0.00000000
0.28540250 0.82328320 -0.13676510 1.00000000

-0.57089410 0.28250290 -0.77089050 0.00000000
-0.08142970 0.91482590 0.39555380 0.00000000
0.81697560 0.28859280 -0.49926480 0.00000000
0.23214200 0.81753900 -0.14024380 1.00000000

-0.51857130 0.19417300 -0.83269490 0.00000000
-0.74138370 0.38304110 0.55102620 0.00000000
0.42595090 0.90309280 -0.05467759 0.00000000
0.25501960 0.80572400 -0.15716440 1.00000000

-0.34872360 0.26078410 -0.90021320 0.00000000
-0.51892610 -0.85356710 -0.04624991 0.00000000
-0.78045360 0.45101540 0.43298680 0.00000000
0.27205520 0.83393840 -0.15584700 1.00000000

-0.25203920 0.17758090 -0.95128410 0.00000000
-0.50890000 -0.86043910 -0.02579107 0.00000000
-0.82310210 0.47760810 0.30723540 0.00000000
0.29592780 0.82323360 -0.09344252 1.00000000

-0.33661700 0.22347770 -0.91473870 0.00000000
-0.42315490 -0.90371810 -0.06506732 0.00000000
-0.84120680 0.36517340 0.39877270 0.00000000
0.29314000 0.81577040 -0.11642950 1.00000000

-0.55755410 0.16888100 -0.81278090 0.00000000
-0.54932740 0.65900800 0.51375930 0.00000000
0.62239310 0.73293130 -0.27466170 0.00000000
0.28158230 0.79114940 -0.11826350 1.00000000

-0.43801600 0.10745050 -0.89252250 0.00000000
-0.81589410 0.36933030 0.44487340 0.00000000
0.37743740 0.92306540 -0.07410448 0.00000000
0.28203250 0.79968910 -0.09406770 1.00000000

-0.44367130 0.35868490 -0.82128010 0.00000000
0.78318390 0.60064800 -0.16076500 0.00000000
0.43563650 -0.71454000 -0.54740660 0.00000000
0.26411960 0.80779500 -0.08433335 1.00000000

-0.57476050 0.31444000 -0.75549830 0.00000000
0.37519050 0.92173240 0.09819299 0.00000000
0.72724360 -0.22701850 -0.64775040 0.00000000
0.26720730 0.80841170 -0.10477360 1.00000000

-0.43469420 0.27181620 -0.85857860 0.00000000
-0.25249120 -0.95191170 -0.17352930 0.00000000
-0.86445890 0.14135120 0.48242180 0.00000000
0.22782800 0.88262250 -0.14818080 1.00000000

-0.60656350 0.19793030 -0.77000270 0.00000000
0.11816340 -0.93531360 -0.33350620 0.00000000
-0.78620480 -0.29327890 0.54393900 0.00000000
0.21857640 0.84845600 -0.15474800 1.00000000

0.15015970 -0.09116010 0.98445020 0.00000000
-0.89681700 -0.43167720 0.09681964 0.00000000
0.41613850 -0.89741010 -0.14657440 0.00000000
-0.06148821 1.43280300 0.06949107 1.00000000

-0.26064780 -0.09073412 0.96116080 0.00000000
-0.29515570 -0.94041720 -0.16881630 0.00000000
0.91920940 -0.32769380 0.21833700 0.00000000
-0.17812760 1.37665900 0.08208337 1.00000000

0.90977390 -0.17540240 -0.37622530 0.00000000
-0.06137466 -0.95321670 0.29599160 0.00000000
-0.41054180 -0.24619470 -0.87797700 0.00000000
-0.16640210 0.50053010 -0.06409102 1.00000000

0.87000950 0.01706119 -0.49273980 0.00000000
-0.49264560 -0.00963316 -0.87017680 0.00000000
-0.01959291 0.99980820 0.00002411 0.00000000
-0.25724810 0.00719243 -0.05709768 1.00000000

0.89832970 -0.08204619 -0.43159290 0.00000000
-0.39948640 -0.56132400 -0.72479390 0.00000000
-0.18279680 0.82351920 -0.53703030 0.00000000
-0.19228970 0.09846640 0.06075726 1.00000000

-0.32717390 -0.37249610 0.86844940 0.00000000
-0.17200430 -0.88020070 -0.44233630 0.00000000
0.92917800 -0.29409780 0.22390780 0.00000000
-0.25360210 1.13618500 0.03891524 1.00000000

-0.41512230 -0.31681680 0.85281910 0.00000000
-0.11566370 -0.91141970 -0.39488750 0.00000000
0.90238310 -0.26256680 0.34170650 0.00000000
-0.29385410 0.93020260 -0.06459904 1.00000000

-0.40422520 -0.33504650 0.85108510 0.00000000
0.47287840 -0.87304210 -0.11909530 0.00000000
0.78293550 0.35431840 0.51134180 0.00000000
-0.30611360 0.82273040 -0.12130790 1.00000000

-0.27630880 -0.87002080 0.40831050 0.00000000
0.62151740 -0.48581350 -0.61457410 0.00000000
0.73305490 0.08395983 0.67496760 0.00000000
-0.27563000 0.89920880 -0.10107220 1.00000000

-0.56855240 -0.34313640 0.74766700 0.00000000
0.00442286 0.90756710 0.41988460 0.00000000
-0.82263520 0.24203310 -0.51448150 0.00000000
-0.26759210 0.80542790 -0.10585980 1.00000000

-0.53823260 -0.28062320 0.79470510 0.00000000
0.68385150 0.40571400 0.60641870 0.00000000
-0.49259790 0.86985470 -0.02646382 0.00000000
-0.28972660 0.79230130 -0.12531400 1.00000000

-0.54095790 -0.29181810 0.78880090 0.00000000
0.69401760 0.37489520 0.61464880 0.00000000
-0.47508320 0.87994090 -0.00027573 0.00000000
-0.27606840 0.80316310 -0.14601240 1.00000000

-0.57383260 -0.35325370 0.73886960 0.00000000
0.02697424 0.89354890 0.44815510 0.00000000
-0.81852820 0.27709640 -0.50321880 0.00000000
-0.25621120 0.81388950 -0.12850980 1.00000000

-0.41714160 -0.33826680 0.84354530 0.00000000
0.55113520 -0.83217130 -0.06116379 0.00000000
0.72266370 0.43939350 0.53356380 0.00000000
-0.29320010 0.82914520 -0.14420580 1.00000000

-0.41044720 -0.30648460 0.85883680 0.00000000
0.46113140 -0.88228820 -0.09447385 0.00000000
0.78669630 0.35726010 0.50346240 0.00000000
-0.31447270 0.81480350 -0.10324010 1.00000000

-0.57171380 -0.26760140 0.77558550 0.00000000
0.49178940 0.64489420 0.58502560 0.00000000
-0.65672410 0.71589190 -0.23709150 0.00000000
-0.30147670 0.78989760 -0.10587400 1.00000000

-0.57623340 -0.36837640 0.72955740 0.00000000
-0.41424990 0.90114270 0.12782410 0.00000000
-0.70452280 -0.22856270 -0.67186830 0.00000000
-0.28821440 0.80725130 -0.09021072 1.00000000

-0.32804580 -0.25973360 0.90825360 0.00000000
0.54145990 -0.83954700 -0.04451928 0.00000000
0.77408470 0.47717860 0.41604520 0.00000000
-0.32183050 0.81801570 -0.08095995 1.00000000

-0.46913440 -0.20906660 0.85802360 0.00000000
0.77433720 0.36978470 0.51347990 0.00000000
-0.42463530 0.90529040 -0.01159072 0.00000000
-0.30756000 0.79582690 -0.08206230 1.00000000

-0.46257170 -0.39403730 0.79420540 0.00000000
-0.79399060 0.58269110 -0.17335010 0.00000000
-0.39446990 -0.71077840 -0.58239830 0.00000000
-0.29089310 0.80378540 -0.07107525 1.00000000

-0.49101640 -0.33856870 0.80266720 0.00000000
0.30458920 -0.92995550 -0.20593280 0.00000000
0.81616710 0.14336730 0.55974760 0.00000000
-0.24912080 0.88314030 -0.12786400 1.00000000

-0.65427290 -0.16463670 0.73812020 0.00000000
-0.11950530 -0.94124560 -0.31587350 0.00000000
0.74675640 -0.29487680 0.59615640 0.00000000
-0.23818840 0.85043250 -0.13542720 1.00000000

-1.00000000 0.00000000 0.00000000 0.00000000
0.00000000 1.00000000 0.00000000 0.00000000
0.00000000 0.00000000 -1.00000000 0.00000000
0.00000000 0.00000000 0.00000000 1.00000000

-0.99902950 0.01345737 0.04194085 0.00000000
0.01591509 0.99814130 0.05882787 0.00000000
-0.04107122 0.05943827 -0.99738670 0.00000000
0.00002003 0.96689080 -0.00262661 1.00000000

0.94511040 -0.14256290 -0.29401100 0.00000000
-0.19674790 -0.96668890 -0.16371680 0.00000000
-0.26087720 0.21257650 -0.94167630 0.00000000
-0.08123457 0.91360770 0.00508141 1.00000000

0.95776700 0.15388910 0.24290070 0.00000000
0.19443460 -0.96894260 -0.15279230 0.00000000
0.21184380 0.19356780 -0.95794250 0.00000000
0.08008391 0.91156180 -0.00384809 1.00000000

-0.99960290 -0.01028668 0.02623402 0.00000000
-0.01699056 0.96274010 -0.26989430 0.00000000
-0.02248023 -0.27023290 -0.96253270 0.00000000
-0.00286496 1.51321900 0.02801595 1.00000000

-0.99949700 -0.01314967 0.02885551 0.00000000
-0.01892981 0.97746380 -0.21025320 0.00000000
-0.02544046 -0.21069370 -0.97722110 0.00000000
-0.00109111 1.45168600 0.06141771 1.00000000

-0.65498080 0.02401506 -0.75526380 0.00000000
0.25012780 -0.93625960 -0.24668630 0.00000000
-0.71304710 -0.35048720 0.60722520 0.00000000
0.18072060 1.38706900 0.06950945 1.00000000

0.10590780 0.06924675 -0.99196200 0.00000000
0.92253230 -0.37913840 0.07202825 0.00000000
-0.37110320 -0.92274530 -0.10403620 0.00000000
0.06073666 1.43637900 0.06014150 1.00000000

-0.99898550 -0.02676579 0.03621438 0.00000000
-0.02372336 0.99635180 0.08197949 0.00000000
-0.03827651 0.08103720 -0.99597590 0.00000000
0.00239220 1.30539200 0.04938065 1.00000000

-0.99922650 -0.01130570 0.03766507 0.00000000
-0.00661797 0.99246710 0.12233310 0.00000000
-0.03876440 0.12198920 -0.99177420 0.00000000
0.00325595 1.17585900 0.03341426 1.00000000

0.90245360 0.21254860 0.37470100 0.00000000
0.09198530 -0.94482180 0.31440540 0.00000000
0.42085210 -0.24926930 -0.87220880 0.00000000
0.16328210 0.49695290 -0.06922767 1.00000000

0.89477540 0.08345883 0.43864770 0.00000000
0.40547810 -0.56326390 -0.71994550 0.00000000
0.18698860 0.82205140 -0.53783520 0.00000000
0.20207580 0.09848619 0.06336889 1.00000000

0.86646290 -0.01374959 0.49905240 0.00000000
0.49892350 -0.01183965 -0.86656520 0.00000000
0.01782355 0.99983540 -0.00339865 0.00000000
0.26769140 0.00733733 -0.05313470 1.00000000

-0.99918660 0.00407693 0.04011796 0.00000000
0.01054856 0.98665930 0.16245690 0.00000000
-0.03892043 0.16274790 -0.98589970 0.00000000
0.00205129 1.06318100 0.01486146 1.00000000

-0.68777660 0.23068930 -0.68829180 0.00000000
0.08285044 -0.91702090 -0.39013910 0.00000000
-0.72117900 -0.32535380 0.61159280 0.00000000
0.24465520 1.14775300 0.00645449 1.00000000

-0.37357280 0.22833220 -0.89905940 0.00000000
0.18066360 -0.93276020 -0.31195970 0.00000000
-0.90983730 -0.27896700 0.30720260 0.00000000
0.26404560 0.93313290 -0.08485406 1.00000000

-0.31223900 0.79751310 -0.51621660 0.00000000
-0.55140550 -0.59462590 -0.58512560 0.00000000
-0.77360110 0.10194570 0.62541850 0.00000000
0.24963160 0.89965370 -0.11926410 1.00000000

-0.54558770 0.14888790 -0.82472210 0.00000000
-0.72263500 0.41480000 0.55293730 0.00000000
0.42442040 0.89764870 -0.11871820 0.00000000
0.27100160 0.79008360 -0.13541590 1.00000000

-0.59576130 0.23744000 -0.76726190 0.00000000
-0.06657380 0.93741540 0.34178960 0.00000000
0.80039770 0.25470470 -0.54266850 0.00000000
0.24810530 0.80321000 -0.11802030 1.00000000

-0.36679310 0.22551000 -0.90255640 0.00000000
-0.42001000 -0.90581260 -0.05563427 0.00000000
-0.83009310 0.35867650 0.42696220 0.00000000
0.28538060 0.82119510 -0.13359610 1.00000000

-0.60001960 0.25170270 -0.75935620 0.00000000
-0.08623101 0.92333300 0.37419300 0.00000000
0.79532410 0.29000330 -0.53231340 0.00000000
0.23215500 0.81440100 -0.13522740 1.00000000

-0.54800350 0.16273020 -0.82049450 0.00000000
-0.73083250 0.38401770 0.56428180 0.00000000
0.40691010 0.90887250 -0.09151444 0.00000000
0.25470960 0.80255810 -0.15255730 1.00000000

-0.38164410 0.23058900 -0.89508460 0.00000000
-0.50392300 -0.86371500 -0.00764613 0.00000000
-0.77486090 0.44813560 0.44583080 0.00000000
0.27124280 0.83110020 -0.15251200 1.00000000

-0.28505630 0.14782440 -0.94704320 0.00000000
-0.49313240 -0.86986210 0.01265372 0.00000000
-0.82192660 0.47062480 0.32085670 0.00000000
0.29725840 0.82247930 -0.09064385 1.00000000

-0.36929720 0.19313660 -0.90902010 0.00000000
-0.40786000 -0.91260870 -0.02820252 0.00000000
-0.83502680 0.36033790 0.41579670 0.00000000
0.29389240 0.81436290 -0.11333000 1.00000000

-0.58585850 0.13727360 -0.79870280 0.00000000
-0.54528090 0.66232470 0.51380460 0.00000000
0.59953230 0.73653400 -0.31317570 0.00000000
0.28274950 0.78949750 -0.11415860 1.00000000

-0.46774230 0.07592579 -0.88059780 0.00000000
-0.80836350 0.36616650 0.46094520 0.00000000
0.35744310 0.92744650 -0.10989590 0.00000000
0.28379730 0.79867960 -0.09021805 1.00000000

-0.47589990 0.32881080 -0.81572230 0.00000000
0.76628350 0.61022720 -0.20107950 0.00000000
0.43165880 -0.72076820 -0.54236920 0.00000000
0.26604860 0.80671540 -0.08013071 1.00000000

-0.60400320 0.28396010 -0.74467890 0.00000000
0.36062680 0.93062310 0.06236268 0.00000000
0.71072410 -0.23088410 -0.66450320 0.00000000
0.26848150 0.80684770 -0.10066810 1.00000000

-0.46645950 0.24116360 -0.85103210 0.00000000
-0.23980290 -0.96056230 -0.14076370 0.00000000
-0.85141650 0.13841940 0.50589510 0.00000000
0.22636690 0.87916390 -0.14470090 1.00000000

-0.63404150 0.16655330 -0.75515000 0.00000000
0.12527270 -0.94150880 -0.31283820 0.00000000
-0.76308460 -0.29295200 0.57609110 0.00000000
0.21756030 0.84467450 -0.15008580 1.00000000

0.14662930 -0.06909916 0.98677530 0.00000000
-0.89793420 -0.42779460 0.10347140 0.00000000
0.41498710 -0.90123110 -0.12477350 0.00000000
-0.06196228 1.43306900 0.06400852 1.00000000

-0.29013910 -0.05618408 0.95533390 0.00000000
-0.29824860 -0.94324800 -0.14605260 0.00000000
0.90932240 -0.32730260 0.25691650 0.00000000
-0.17874700 1.37743000 0.07746594 1.00000000

0.90989770 -0.17911910 -0.37416940 0.00000000
-0.06411592 -0.95186090 0.29975040 0.00000000
-0.40984810 -0.24875210 -0.87758000 0.00000000
-0.16539530 0.50009780 -0.06494994 1.00000000

0.87031530 0.01637527 -0.49222290 0.00000000
-0.49212320 -0.00992937 -0.87046900 0.00000000
-0.01914156 0.99981680 -0.00058290 0.00000000
-0.25736800 0.00729334 -0.05635746 1.00000000

0.89855320 -0.08270805 -0.43100110 0.00000000
-0.39930470 -0.56156150 -0.72471000 0.00000000
-0.18209430 0.82329120 -0.53761840 0.00000000
-0.19243920 0.09860593 0.06148383 1.00000000

-0.35941660 -0.35730060 0.86206500 0.00000000
-0.15756250 -0.88729690 -0.43345000 0.00000000
0.91977920 -0.29161830 0.26261220 0.00000000
-0.25501230 1.13623200 0.04011875 1.00000000

-0.42930150 -0.30054210 0.85168940 0.00000000
-0.10671760 -0.91952320 -0.37827090 0.00000000
0.89683430 -0.25328240 0.36267970 0.00000000
-0.29188470 0.92858920 -0.06131597 1.00000000

-0.41833550 -0.31877520 0.85051620 0.00000000
0.47681600 -0.87406200 -0.09307285 0.00000000
0.77307320 0.36660410 0.51764830 0.00000000
-0.30291180 0.81995960 -0.11603770 1.00000000

-0.28150200 -0.86227790 0.42099200 0.00000000
0.63325950 -0.49656800 -0.59363510 0.00000000
0.72092940 0.09948774 0.68583030 0.00000000
-0.27295600 0.89690980 -0.09682868 1.00000000

-0.58080730 -0.32937850 0.74442800 0.00000000
-0.00493541 0.91589280 0.40139350 0.00000000
-0.81402630 0.22945810 -0.53358260 0.00000000
-0.26462880 0.80307210 -0.09957095 1.00000000

-0.55145440 -0.26584810 0.79071040 0.00000000
0.67222550 0.41966070 0.60991670 0.00000000
-0.49397490 0.86787690 -0.05271405 0.00000000
-0.28639000 0.78949760 -0.11913860 1.00000000

-0.55405110 -0.27716720 0.78498790 0.00000000
0.68231360 0.38904110 0.61894710 0.00000000
-0.47694420 0.87853600 -0.02643396 0.00000000
-0.27239550 0.79997270 -0.13981130 1.00000000

-0.58591030 -0.33968540 0.73574690 0.00000000
0.01714806 0.90250800 0.43033240 0.00000000
-0.81019470 0.26475270 -0.52296360 0.00000000
-0.25287150 0.81110220 -0.12218570 1.00000000

-0.43111060 -0.32218070 0.84281870 0.00000000
0.55395560 -0.83182620 -0.03462416 0.00000000
0.71223400 0.45195730 0.53708270 0.00000000
-0.28961320 0.82594220 -0.13883190 1.00000000

-0.42475540 -0.29007830 0.85757650 0.00000000
0.46465980 -0.88283780 -0.06847783 0.00000000
0.77696490 0.36939510 0.50977760 0.00000000
-0.31156860 0.81237880 -0.09796168 1.00000000

-0.58462410 -0.25330190 0.77074840 0.00000000
0.48004090 0.65786630 0.58032170 0.00000000
-0.65404590 0.70926050 -0.26300940 0.00000000
-0.29847370 0.78745800 -0.09986202 1.00000000

-0.58811400 -0.35499960 0.72670300 0.00000000
-0.41841160 0.90248340 0.10225270 0.00000000
-0.69213740 -0.24392490 -0.67929920 0.00000000
-0.28552600 0.80515920 -0.08432483 1.00000000

-0.34333570 -0.24212530 0.90746680 0.00000000
0.54400640 -0.83888800 -0.01800494 0.00000000
0.76562240 0.48748620 0.41973790 0.00000000
-0.31932290 0.81602260 -0.07588322 1.00000000

-0.48363390 -0.19284720 0.85376130 0.00000000
0.76440470 0.38208850 0.51932160 0.00000000
-0.42636190 0.90378050 -0.03737788 0.00000000
-0.30498630 0.79385280 -0.07628550 1.00000000

-0.47554640 -0.37905510 0.79383460 0.00000000
-0.79211390 0.57702700 -0.19898630 0.00000000
-0.38263730 -0.72343470 -0.57465790 0.00000000
-0.28853200 0.80207470 -0.06517272 1.00000000

-0.50425700 -0.32349940 0.80067040 0.00000000
0.31020000 -0.93315290 -0.18166470 0.00000000
0.80591640 0.15676240 0.57089820 0.00000000
-0.24594620 0.88036980 -0.12282150 1.00000000

-0.66674080 -0.15132880 0.72976460 0.00000000
-0.11187730 -0.94775240 -0.29874700 0.00000000
0.73684480 -0.28083090 0.61497490 0.00000000
-0.23481090 0.84754380 -0.12952730 1.00000000

-1.00000000 0.00000000 0.00000000 0.00000000
0.00000000 1.00000000 0.00000000 0.00000000
0.00000000 0.00000000 -1.00000000 0.00000000
0.00000000 0.00000000 0.00000000 1.00000000

-0.99900040 0.01433805 0.04234036 0.00000000
0.01652177 0.99852680 0.05168415 0.00000000
-0.04153694 0.05233203 -0.99776550 0.00000000
-0.00032594 0.96533690 -0.00106916 1.00000000

0.94783170 -0.13824880 -0.28723330 0.00000000
-0.19399400 -0.96515640 -0.17561330 0.00000000
-0.25294660 0.22217330 -0.94162480 0.00000000
-0.08160748 0.91215760 0.00705991 1.00000000

0.95607600 0.15677030 0.24767290 0.00000000
0.20059620 -0.96604040 -0.16287120 0.00000000
0.21372870 0.20539950 -0.95505560 0.00000000
0.07970530 0.90995410 -0.00193495 1.00000000

-0.99945400 -0.01530048 0.02928123 0.00000000
-0.02386912 0.94719020 -0.31978260 0.00000000
-0.02284208 -0.32030690 -0.94703840 0.00000000
-0.00403923 1.51109000 0.01437497 1.00000000

-0.99940590 -0.01631048 0.03035984 0.00000000
-0.02359925 0.96586880 -0.25795420 0.00000000
-0.02511627 -0.25851730 -0.96568010 0.00000000
-0.00195798 1.45128000 0.05075473 1.00000000

-0.68850710 -0.01672895 -0.72503660 0.00000000
0.26353910 -0.93716170 -0.22863780 0.00000000
-0.67565160 -0.34849420 0.64965130 0.00000000
0.18081920 1.38945300 0.06111626 1.00000000

0.10185680 0.02924914 -0.99436900 0.00000000
