MeshAnim
1
149
53
30
-0.97330340 -0.02525255 -0.22812900 0.00000000
0.15823550 0.64614600 -0.74663040 0.00000000
0.16625900 -0.76279600 -0.62490020 0.00000000
0.01059800 0.25102220 0.00531960 1.00000000

0.79550580 -0.57265870 0.19807240 0.00000000
-0.58675470 -0.64637800 0.48776490 0.00000000
-0.15129310 -0.50423970 -0.85020740 0.00000000
-0.07782573 0.21980950 0.03192446 1.00000000

0.76366600 0.59875870 0.24145940 0.00000000
0.42890070 -0.75005270 0.50345360 0.00000000
0.48255440 -0.28090800 -0.82959750 0.00000000
0.07978397 0.22224250 0.06743272 1.00000000

-0.99835750 -0.05584897 -0.01277234 0.00000000
-0.05296180 0.98470580 -0.16598080 0.00000000
0.02184686 -0.16503160 -0.98604610 0.00000000
0.07505241 0.70366290 -0.31224960 1.00000000

-0.99466840 -0.00283600 -0.10308710 0.00000000
0.03599030 0.92722480 -0.37277230 0.00000000
0.09664206 -0.37449480 -0.92217890 0.00000000
0.07072786 0.64873710 -0.26901180 1.00000000

0.04057331 -0.38647180 -0.92140840 0.00000000
0.30790780 -0.87245360 0.37949680 0.00000000
-0.95055080 -0.29910640 0.08359937 0.00000000
0.24411400 0.57475140 -0.23577990 1.00000000

-0.17141680 -0.50244240 -0.84744790 0.00000000
0.88932570 -0.44904760 0.08634774 0.00000000
-0.42392920 -0.73885580 0.52380940 0.00000000
0.12844890 0.63315420 -0.24701020 1.00000000

-0.97902730 0.02919685 -0.20162630 0.00000000
0.11929980 0.88440760 -0.45121040 0.00000000
0.16514590 -0.46580120 -0.86934220 0.00000000
0.05321102 0.51887930 -0.20276040 1.00000000

-0.97824060 0.00456596 -0.20742360 0.00000000
0.11916940 0.83075420 -0.54373370 0.00000000
0.16983540 -0.55662080 -0.81322150 0.00000000
0.03765753 0.41045270 -0.13179460 1.00000000

0.70795770 0.66392970 0.24081870 0.00000000
-0.45935640 0.17386620 0.87106980 0.00000000
0.53645880 -0.72730210 0.42807040 0.00000000
0.26330990 -0.09870374 0.28285970 1.00000000

0.53053450 0.74053650 0.41247920 0.00000000
-0.24519620 -0.33173670 0.91095010 0.00000000
0.81142620 -0.58442880 0.00557911 0.00000000
0.06958205 -0.02537775 0.65022240 1.00000000

0.42340590 0.80522210 0.41514470 0.00000000
0.36504110 -0.57104030 0.73529480 0.00000000
0.82913980 -0.15978320 -0.53572070 0.00000000
0.02990375 -0.07906044 0.79763480 1.00000000

-0.97734460 -0.02072377 -0.21063720 0.00000000
0.11948730 0.76741580 -0.62991740 0.00000000
0.17470050 -0.64081490 -0.74755340 0.00000000
0.02401192 0.32281280 -0.05985714 1.00000000

-0.05618629 -0.05739525 -0.99676920 0.00000000
0.26441840 -0.96355410 0.04057782 0.00000000
-0.96277020 -0.26128420 0.06931493 0.00000000
0.32281770 0.35174550 -0.13877760 1.00000000

0.10716940 0.23348140 -0.96643750 0.00000000
0.51702860 -0.84335350 -0.14641160 0.00000000
-0.84923290 -0.48398490 -0.21109810 0.00000000
0.38470240 0.12623420 -0.12928060 1.00000000

-0.26645870 0.67913590 -0.68394050 0.00000000
0.12828670 -0.67829220 -0.72350690 0.00000000
-0.95527090 -0.28052510 0.09361273 0.00000000
0.39803360 0.09398550 -0.16526620 1.00000000

0.09035237 0.27962720 -0.95584800 0.00000000
0.62984530 -0.75949970 -0.16264990 0.00000000
-0.77144750 -0.58734060 -0.24474440 0.00000000
0.47517840 0.00103319 -0.16216950 1.00000000

0.07859275 0.29259430 -0.95300160 0.00000000
0.69972080 -0.69710410 -0.15632260 0.00000000
-0.71008040 -0.65454890 -0.25952150 0.00000000
0.49509620 -0.02294612 -0.16740610 1.00000000

0.08167566 0.28957190 -0.95366510 0.00000000
0.66607790 -0.72765200 -0.16389940 0.00000000
-0.74139710 -0.62182860 -0.25230890 0.00000000
0.45232560 0.02603608 -0.15663900 1.00000000

-0.13566200 0.51458530 -0.84663920 0.00000000
0.65180560 -0.59721180 -0.46742660 0.00000000
-0.74615380 -0.61525600 -0.25439060 0.00000000
0.48652980 -0.00616866 -0.21100980 1.00000000

-0.12964960 0.50766830 -0.85174180 0.00000000
0.58166500 -0.65672830 -0.47997270 0.00000000
-0.80302990 -0.55765660 -0.21014820 0.00000000
0.46861730 0.01403093 -0.19616360 1.00000000

-0.13930940 0.51823820 -0.84381410 0.00000000
0.61597930 -0.62184570 -0.48360890 0.00000000
-0.77534690 -0.58714320 -0.23259480 0.00000000
0.44826780 0.03466153 -0.18040730 1.00000000

0.40152120 -0.05716300 -0.91406420 0.00000000
0.60764860 -0.73010710 0.31258090 0.00000000
-0.68523300 -0.68093760 -0.25841840 0.00000000
0.43958140 0.02557069 -0.11391890 1.00000000

0.25791100 0.11056170 -0.95982200 0.00000000
0.65450190 -0.75075760 0.08938967 0.00000000
-0.71071050 -0.65125970 -0.26599160 0.00000000
0.45035720 0.01914835 -0.13476370 1.00000000

0.26050890 0.10733800 -0.95948640 0.00000000
0.61994550 -0.78045170 0.08101141 0.00000000
-0.74013690 -0.61593330 -0.26985840 0.00000000
0.46821620 -0.00131041 -0.13239010 1.00000000

0.36564000 -0.01475031 -0.93063940 0.00000000
0.58886520 -0.77065530 0.24357460 0.00000000
-0.72079500 -0.63708170 -0.27309640 0.00000000
0.45616430 0.00561011 -0.10529410 1.00000000

0.35689480 -0.00400578 -0.93413620 0.00000000
0.65777510 -0.70897020 0.25434900 0.00000000
-0.66329350 -0.70522710 -0.25039280 0.00000000
0.46909440 -0.01129806 -0.09997725 1.00000000

0.25004570 0.11914240 -0.96087590 0.00000000
0.68939620 -0.71873660 0.09028080 0.00000000
-0.67986050 -0.68499850 -0.26185330 0.00000000
0.48445180 -0.02176434 -0.13023450 1.00000000

-0.33076150 0.71902320 -0.61123050 0.00000000
0.07900289 -0.62431530 -0.77716740 0.00000000
-0.94040190 -0.30534590 0.14969450 0.00000000
0.40207150 0.06967783 -0.19690390 1.00000000

-0.34376910 0.79189450 -0.50470390 0.00000000
0.07733254 -0.51176080 -0.85564050 0.00000000
-0.93586450 -0.33317270 0.11468830 0.00000000
0.40479210 0.04747134 -0.22510920 1.00000000

-0.01553360 0.42189400 0.90651220 0.00000000
-0.99438770 -0.10140840 0.03015649 0.00000000
0.10465090 -0.90095600 0.42110130 0.00000000
0.00830822 0.63640900 -0.27224030 1.00000000

-0.09938663 -0.80404680 0.58620070 0.00000000
-0.98654350 0.15648450 0.04737550 0.00000000
-0.12982340 -0.57360400 -0.80877970 0.00000000
-0.12102120 0.62322000 -0.26831830 1.00000000

0.72720250 -0.67751300 0.11024040 0.00000000
-0.38053770 -0.26424890 0.88620730 0.00000000
-0.57128610 -0.68640290 -0.44998160 0.00000000
-0.32881530 -0.05668449 0.24057030 1.00000000

0.67099080 -0.65297690 -0.35127280 0.00000000
-0.66631070 -0.73884780 0.10066880 0.00000000
-0.32527150 0.16650900 -0.93084540 0.00000000
-0.55104110 -0.28358540 0.71083050 1.00000000

0.74224590 -0.61643210 -0.26283600 0.00000000
-0.37954650 -0.70995190 0.59322230 0.00000000
-0.55228230 -0.34055820 -0.76092340 0.00000000
-0.48932500 -0.16814390 0.61436980 1.00000000

-0.87288550 -0.36046250 0.32884310 0.00000000
-0.48644750 0.69531820 -0.52905730 0.00000000
-0.03794530 -0.62177120 -0.78227920 0.00000000
-0.37329080 0.66323460 -0.25620380 1.00000000

-0.79379460 -0.55042390 -0.25869660 0.00000000
-0.50456120 0.83349140 -0.22518880 0.00000000
0.33957060 -0.04822543 -0.93934350 0.00000000
-0.48712790 0.82595100 -0.38001220 1.00000000

-0.85028700 -0.44043240 -0.28815160 0.00000000
-0.38558700 0.89392130 -0.22853350 0.00000000
0.35823850 -0.08321149 -0.92991470 0.00000000
-0.54199760 0.93262460 -0.40295860 1.00000000

-0.94512440 0.10380230 -0.30978170 0.00000000
0.21661720 0.90890440 -0.35632860 0.00000000
0.24457420 -0.40387900 -0.88151300 0.00000000
-0.48056730 0.87503930 -0.39306330 1.00000000

-0.83948060 -0.46617960 -0.27919320 0.00000000
-0.34469340 0.85404590 -0.38960560 0.00000000
0.42006990 -0.23083030 -0.87764390 0.00000000
-0.56567280 0.99018260 -0.42627010 1.00000000

-0.83394180 -0.48027460 -0.27180410 0.00000000
-0.31731620 0.82028720 -0.47585670 0.00000000
0.45149930 -0.31058880 -0.83647090 0.00000000
-0.55555030 0.96365480 -0.41095630 1.00000000

-0.92121760 -0.19667590 -0.33567360 0.00000000
-0.04024791 0.90635690 -0.42059180 0.00000000
0.38696030 -0.37394630 -0.84286760 0.00000000
-0.52399470 0.97929070 -0.40378440 1.00000000

-0.92185210 -0.18415880 -0.34098990 0.00000000
-0.06430780 0.94037160 -0.33401450 0.00000000
0.38216890 -0.28598370 -0.87872660 0.00000000
-0.52508340 1.00519000 -0.41577450 1.00000000

-0.92432570 -0.15561430 -0.34843410 0.00000000
-0.10028680 0.98003950 -0.17165520 0.00000000
0.36819100 -0.12372190 -0.92148150 0.00000000
-0.52075870 0.94875740 -0.39839180 1.00000000

-0.76323810 -0.59136760 -0.26029230 0.00000000
-0.55603740 0.80635100 -0.20154560 0.00000000
0.32907430 -0.00909503 -0.94426030 0.00000000
-0.55926820 0.92169760 -0.40939910 1.00000000

-0.74030410 -0.62575300 -0.24572950 0.00000000
-0.48386310 0.74971800 -0.45144160 0.00000000
0.46671870 -0.21530460 -0.85779800 0.00000000
-0.57498570 0.94442750 -0.41509550 1.00000000

-0.74975930 -0.61124190 -0.25346460 0.00000000
-0.51184130 0.77848190 -0.36329690 0.00000000
0.41937970 -0.14265140 -0.89653280 0.00000000
-0.58793260 0.96462640 -0.42720970 1.00000000

-0.55913140 -0.80487330 -0.19887480 0.00000000
-0.77266130 0.59284410 -0.22700300 0.00000000
0.30061040 0.02673850 -0.95337220 0.00000000
-0.57043670 0.90104760 -0.41251490 1.00000000

-0.52482450 -0.83142660 -0.18245280 0.00000000
-0.69275470 0.54175110 -0.47602220 0.00000000
0.49462140 -0.12343300 -0.86029890 0.00000000
-0.59088350 0.91663650 -0.41852490 1.00000000

-0.53616810 -0.82256820 -0.18948770 0.00000000
-0.72804210 0.56424270 -0.38933930 0.00000000
0.42717500 -0.07079609 -0.90139320 0.00000000
-0.60574190 0.92832530 -0.42874460 1.00000000

-0.93542590 0.21177410 -0.28307270 0.00000000
0.30874990 0.87941130 -0.36236670 0.00000000
0.17219740 -0.42636560 -0.88800920 0.00000000
-0.46769150 0.91163040 -0.40625580 1.00000000

-0.86709800 0.36171900 -0.34249170 0.00000000
0.45932260 0.84665460 -0.26869830 0.00000000
0.19277890 -0.39030190 -0.90027820 0.00000000
-0.45645000 0.94259990 -0.41894550 1.00000000

-1.00000000 0.00000000 0.00000000 0.00000000
0.00000000 1.00000000 0.00000000 0.00000000
0.00000000 0.00000000 -1.00000000 0.00000000
0.00000000 -0.79699990 0.00000000 1.00000000

-0.97415880 -0.01409476 -0.22542420 0.00000000
0.16357040 0.64422400 -0.74714140 0.00000000
0.15575450 -0.76470700 -0.62527100 0.00000000
0.01081028 0.24969330 0.00669402 1.00000000

0.78621550 -0.58470850 0.19995360 0.00000000
-0.59032800 -0.61499880 0.52277110 0.00000000
-0.18269740 -0.52904870 -0.82869120 0.00000000
-0.07789180 0.21950010 0.03354777 1.00000000

0.76018910 0.60076150 0.24738320 0.00000000
0.45558550 -0.76437000 0.45626810 0.00000000
0.46320050 -0.23414560 -0.85476390 0.00000000
0.07983343 0.22012630 0.06861824 1.00000000

-0.99858120 -0.01458760 -0.05121294 0.00000000
-0.00488382 0.98278100 -0.18470960 0.00000000
0.05302557 -0.18419740 -0.98145800 0.00000000
0.07891392 0.70205990 -0.31037910 1.00000000

-0.99206140 0.01665662 -0.12464720 0.00000000
0.06296179 0.92380030 -0.37766250 0.00000000
0.10885850 -0.38251230 -0.91751520 0.00000000
0.07253591 0.64752240 -0.26690460 1.00000000

0.11430720 -0.39858080 -0.90998210 0.00000000
0.28856100 -0.86317270 0.41432550 0.00000000
-0.95061370 -0.30994560 0.01634802 0.00000000
0.24563080 0.57333310 -0.23138090 1.00000000

-0.15240810 -0.49919370 -0.85298140 0.00000000
0.88742660 -0.44901360 0.10421540 0.00000000
-0.43502390 -0.74107520 0.51143120 0.00000000
0.13021260 0.63173150 -0.24493520 1.00000000

-0.97883890 0.03197113 -0.20211920 0.00000000
0.12129260 0.88615450 -0.44723400 0.00000000
0.16481030 -0.46228560 -0.87128050 0.00000000
0.05472647 0.51740810 -0.20123710 1.00000000

-0.97870080 0.00968444 -0.20506340 0.00000000
0.12179430 0.83149580 -0.54201560 0.00000000
0.16526030 -0.55544660 -0.81496510 0.00000000
0.03883040 0.40888480 -0.13049550 1.00000000

0.72614340 0.64194080 0.24622740 0.00000000
-0.46421750 0.19358860 0.86430630 0.00000000
0.50716670 -0.74191340 0.43857340 0.00000000
0.27477770 -0.10694630 0.26385460 1.00000000

0.54125820 0.72734530 0.42191070 0.00000000
-0.27595710 -0.32031840 0.90622510 0.00000000
0.79428430 -0.60693080 0.02734135 0.00000000
0.07899980 -0.02530277 0.62836490 1.00000000

0.43600640 0.79501840 0.42171600 0.00000000
0.33077790 -0.57737300 0.74647610 0.00000000
0.83694970 -0.18597390 -0.51471260 0.00000000
0.03434362 -0.07713759 0.77501290 1.00000000

-0.97850010 -0.01312595 -0.20582870 0.00000000
0.12227370 0.76676050 -0.63018070 0.00000000
0.16609310 -0.64179920 -0.74867010 0.00000000
0.02486657 0.32131970 -0.05852799 1.00000000

0.03638133 -0.12993630 -0.99085480 0.00000000
0.27720270 -0.95129060 0.13492610 0.00000000
-0.96012260 -0.27957640 0.00140953 0.00000000
0.31938930 0.35269950 -0.12547610 1.00000000

0.22513960 0.26114280 -0.93867820 0.00000000
0.59841750 -0.79734950 -0.07829599 0.00000000
-0.76890110 -0.54409380 -0.33578740 0.00000000
0.38426600 0.13005860 -0.09389791 1.00000000

-0.21945140 0.67041310 -0.70879320 0.00000000
0.28417990 -0.65107500 -0.70380620 0.00000000
-0.93331830 -0.35587600 -0.04763860 0.00000000
0.40513810 0.09969938 -0.12788820 1.00000000

0.20108390 0.30749400 -0.93006060 0.00000000
0.71845000 -0.69169970 -0.07335512 0.00000000
-0.66587900 -0.65345140 -0.36000880 0.00000000
0.48808240 0.01282632 -0.11462850 1.00000000

0.18549310 0.32102640 -0.92872740 0.00000000
0.79175330 -0.60860340 -0.05223596 0.00000000
-0.58199570 -0.72563350 -0.36706560 0.00000000
0.51081200 -0.00900698 -0.11704000 1.00000000

0.19423980 0.31391650 -0.92936940 0.00000000
0.73431170 -0.67471960 -0.07443005 0.00000000
-0.65042850 -0.66798930 -0.36156980 0.00000000
0.46289890 0.03601515 -0.11216640 1.00000000

-0.05705500 0.52432920 -0.84960220 0.00000000
0.78113650 -0.50651900 -0.36505400 0.00000000
-0.62174810 -0.68448320 -0.38067330 0.00000000
0.50725470 0.00796467 -0.16127040 1.00000000

-0.04752487 0.51658050 -0.85491880 0.00000000
0.70815370 -0.58619200 -0.39357000 0.00000000
-0.70445700 -0.62411830 -0.33795960 0.00000000
0.48543950 0.02599031 -0.14908610 1.00000000

-0.05629347 0.52393360 -0.84989700 0.00000000
0.72229850 -0.56631370 -0.39695570 0.00000000
-0.68928660 -0.63622520 -0.34655660 0.00000000
0.46160220 0.04479069 -0.13618940 1.00000000

0.53007130 -0.00945667 -0.84790030 0.00000000
0.60982690 -0.69053410 0.38893950 0.00000000
-0.58918220 -0.72323800 -0.36026530 0.00000000
0.44425990 0.03367209 -0.07173461 1.00000000

0.38232270 0.14835830 -0.91204150 0.00000000
0.68922560 -0.70321210 0.17453070 0.00000000
-0.61546550 -0.69532900 -0.37110610 0.00000000
0.45838220 0.02854192 -0.09086853 1.00000000

0.38221610 0.14839660 -0.91207980 0.00000000
0.67608170 -0.71775970 0.16653830 0.00000000
-0.62994030 -0.68029390 -0.37466750 0.00000000
0.47719600 0.00938177 -0.08617079 1.00000000

0.49123900 0.03370308 -0.87037270 0.00000000
0.62166930 -0.71347120 0.32324310 0.00000000
-0.61009160 -0.69987340 -0.37143700 0.00000000
0.46089160 0.01478964 -0.06102724 1.00000000

0.47988760 0.04568046 -0.87614010 0.00000000
0.69373940 -0.63108030 0.34707800 0.00000000
-0.53706010 -0.77437130 -0.33453800 0.00000000
0.47454500 -0.00086278 -0.05396067 1.00000000

0.36856230 0.16117690 -0.91552400 0.00000000
0.74868260 -0.63524850 0.18956230 0.00000000
-0.55103210 -0.75530210 -0.35479890 0.00000000
0.49489840 -0.00943077 -0.08177579 1.00000000

-0.29646540 0.70365740 -0.64573570 0.00000000
0.23891190 -0.59999250 -0.76349890 0.00000000
-0.92467810 -0.38062480 0.00976494 0.00000000
0.41558600 0.07644212 -0.15884060 1.00000000

-0.33034630 0.77306680 -0.54151590 0.00000000
0.23947510 -0.48630250 -0.84033400 0.00000000
-0.91297490 -0.40728090 -0.02448183 0.00000000
0.42407600 0.05510545 -0.18656670 1.00000000

-0.04093418 0.42677480 0.90343110 0.00000000
-0.99614270 -0.08766892 -0.00372070 0.00000000
0.07761502 -0.90009860 0.42871740 0.00000000
0.01009476 0.63532900 -0.27022720 1.00000000

-0.16079840 -0.76964490 0.61789200 0.00000000
-0.98440220 0.17034230 -0.04399993 0.00000000
-0.07138890 -0.61532930 -0.78503090 0.00000000
-0.11946290 0.62392680 -0.27071110 1.00000000

0.71586070 -0.69024560 0.10537880 0.00000000
-0.38559990 -0.26498140 0.88379750 0.00000000
-0.58211390 -0.67330960 -0.45584830 0.00000000
-0.33040990 -0.04357117 0.25716780 1.00000000

0.65832890 -0.66865680 -0.34568950 0.00000000
-0.67534070 -0.72750090 0.12106900 0.00000000
-0.33244290 0.15375520 -0.93050600 0.00000000
-0.55561360 -0.26823380 0.72885270 1.00000000

0.73082740 -0.63163010 -0.25871780 0.00000000
-0.38472960 -0.69428630 0.60823520 0.00000000
-0.56380380 -0.34497850 -0.75041010 0.00000000
-0.49305470 -0.15533950 0.62995080 1.00000000

-0.89246030 -0.34765600 0.28748910 0.00000000
-0.45084440 0.66482250 -0.59560930 0.00000000
0.01593794 -0.66117040 -0.75006650 0.00000000
-0.37118500 0.66748520 -0.28196240 1.00000000

-0.77561280 -0.57254520 -0.26573900 0.00000000
-0.49929390 0.81406650 -0.29664990 0.00000000
0.38617470 -0.09740365 -0.91726860 0.00000000
-0.47669030 0.82306500 -0.42134520 1.00000000

-0.83043550 -0.46668610 -0.30427160 0.00000000
-0.37707090 0.87287780 -0.30968060 0.00000000
0.41011560 -0.14243770 -0.90084220 0.00000000
-0.53118970 0.92768670 -0.45297700 1.00000000

-0.92935930 0.07611718 -0.36124450 0.00000000
0.22689260 0.88966220 -0.39625890 0.00000000
0.29122350 -0.45023040 -0.84408630 0.00000000
-0.46987580 0.87140800 -0.43682280 1.00000000

-0.81996040 -0.49178660 -0.29293500 0.00000000
-0.32666300 0.82224960 -0.46604420 0.00000000
0.47006000 -0.28644680 -0.83486060 0.00000000
-0.55383260 0.98331440 -0.48142830 1.00000000

-0.81479560 -0.50523030 -0.28434250 0.00000000
-0.29451180 0.78317260 -0.54763450 0.00000000
0.49937080 -0.36246800 -0.78692190 0.00000000
-0.54444310 0.95798040 -0.46380050 1.00000000

-0.89992400 -0.22740780 -0.37205170 0.00000000
-0.02147206 0.87531390 -0.48307820 0.00000000
0.43551790 -0.42674480 -0.79259880 0.00000000
-0.51342730 0.97434560 -0.45591790 1.00000000

-0.90032330 -0.21535990 -0.37820390 0.00000000
-0.05034691 0.91469360 -0.40100010 0.00000000
0.43230010 -0.34198810 -0.83436260 0.00000000
-0.51398110 0.99936010 -0.46969030 1.00000000

-0.90253840 -0.18727750 -0.38775210 0.00000000
-0.09587032 0.96526290 -0.24305580 0.00000000
0.41980180 -0.18219340 -0.88914130 0.00000000
-0.51033150 0.94427660 -0.44829480 1.00000000

-0.74400660 -0.61542060 -0.26021500 0.00000000
-0.54622100 0.78449570 -0.29361410 0.00000000
0.38483380 -0.07631591 -0.91982540 0.00000000
-0.54803300 0.91623090 -0.45962780 1.00000000

-0.72181640 -0.64848440 -0.24176320 0.00000000
-0.45886960 0.70993670 -0.53425560 0.00000000
0.51809290 -0.27469650 -0.81001360 0.00000000
-0.56347240 0.93834330 -0.46792200 1.00000000

-0.73080490 -0.63473360 -0.25107320 0.00000000
-0.49198220 0.74477990 -0.45083980 0.00000000
0.47315740 -0.20595230 -0.85656650 0.00000000
-0.57574930 0.95747480 -0.48226240 1.00000000

-0.54308070 -0.82206530 -0.17109040 0.00000000
-0.76009310 0.56787910 -0.31586710 0.00000000
0.35682210 -0.04149683 -0.93325050 0.00000000
-0.55887000 0.89532040 -0.46211190 1.00000000

-0.50966510 -0.84707290 -0.15069560 0.00000000
-0.66507270 0.49899960 -0.55558790 0.00000000
0.54582050 -0.18294010 -0.81768760 0.00000000
-0.57898380 0.91024880 -0.47046600 1.00000000

-0.52053900 -0.83890420 -0.15899360 0.00000000
-0.70535680 0.52743050 -0.47359130 0.00000000
0.48115570 -0.13437560 -0.86627500 0.00000000
-0.59324800 0.92101970 -0.48239740 1.00000000

-0.92184870 0.18551860 -0.34026160 0.00000000
0.31944060 0.86085980 -0.39607830 0.00000000
0.21943770 -0.47381760 -0.85284480 0.00000000
-0.45664890 0.90733360 -0.45142180 1.00000000

-0.85183550 0.33260060 -0.40466450 0.00000000
0.46542820 0.83503510 -0.29341590 0.00000000
0.24031890 -0.43828420 -0.86611430 0.00000000
-0.44503490 0.93765780 -0.46528090 1.00000000

-1.00000000 0.00000000 0.00000000 0.00000000
0.00000000 1.00000000 0.00000000 0.00000000
0.00000000 0.00000000 -1.00000000 0.00000000
0.00000000 -0.79699990 0.00000000 1.00000000

-0.97516020 -0.00255743 -0.22148610 0.00000000
0.16814590 0.64235900 -0.74773110 0.00000000
0.14418580 -0.76639960 -0.62597300 0.00000000
0.01048760 0.24846900 0.00767448 1.00000000

0.77693630 -0.59664010 0.20097420 0.00000000
-0.59194980 -0.58357380 0.55591120 0.00000000
-0.21439560 -0.55087420 -0.80658050 0.00000000
-0.07845558 0.21932140 0.03488351 1.00000000

0.75876870 0.60137160 0.25024460 0.00000000
0.47880920 -0.77542560 0.41165140 0.00000000
0.44160150 -0.19252880 -0.87631090 0.00000000
0.07940646 0.21807980 0.06931619 1.00000000

-0.99677020 0.01047551 -0.07962129 0.00000000
0.02621159 0.97959640 -0.19925800 0.00000000
0.07590939 -0.20070160 -0.97670710 0.00000000
0.08230308 0.70058800 -0.30871690 1.00000000

-0.98953910 0.02980714 -0.14115230 0.00000000
0.08212218 0.92081120 -0.38126450 0.00000000
0.11861020 -0.38886810 -0.91362670 0.00000000
0.07444511 0.64637680 -0.26507700 1.00000000

0.19802490 -0.40705260 -0.89168080 0.00000000
0.28398870 -0.84685250 0.44965680 0.00000000
-0.93815610 -0.34227050 -0.05209963 0.00000000
0.24733380 0.57228330 -0.22716560 1.00000000

-0.13055680 -0.49461160 -0.85925230 0.00000000
0.88677240 -0.44584180 0.12190170 0.00000000
-0.44338450 -0.74604590 0.49681560 0.00000000
0.13200080 0.63026920 -0.24302010 1.00000000

-0.97814440 0.03657134 -0.20468560 0.00000000
0.12585820 0.88772500 -0.44283630 0.00000000
0.16550940 -0.45891930 -0.87292610 0.00000000
0.05596530 0.51603190 -0.20005520 1.00000000

-0.97886660 0.01611013 -0.20386450 0.00000000
0.12615880 0.83215700 -0.53999880 0.00000000
0.16094780 -0.55430610 -0.81660320 0.00000000
0.03949959 0.40742230 -0.12957680 1.00000000

0.74618260 0.61695770 0.25014970 0.00000000
-0.46303120 0.21097060 0.86086820 0.00000000
0.47834490 -0.75819190 0.44309310 0.00000000
0.28428810 -0.11372350 0.24546110 1.00000000

0.55653810 0.71065180 0.43039450 0.00000000
-0.29530510 -0.31500440 0.90197960 0.00000000
0.77656970 -0.62908380 0.03454712 0.00000000
0.08901049 -0.02474928 0.60852140 1.00000000

0.45345670 0.78122580 0.42902630 0.00000000
0.30334810 -0.58790060 0.74990220 0.00000000
0.83806740 -0.20990400 -0.50357070 0.00000000
0.04122341 -0.07572424 0.75448230 1.00000000

-0.97954710 -0.00456337 -0.20116310 0.00000000
0.12587010 0.76608620 -0.63029260 0.00000000
0.15698450 -0.64272180 -0.74984310 0.00000000
0.02512505 0.31993410 -0.05759655 1.00000000

0.13102010 -0.18419210 -0.97411860 0.00000000
0.29696830 -0.93017700 0.21582580 0.00000000
-0.94585600 -0.31755980 -0.06717271 0.00000000
0.31992350 0.35582110 -0.11222990 1.00000000

0.34062910 0.30009080 -0.89102050 0.00000000
0.68211820 -0.73109760 0.01453775 0.00000000
-0.64706020 -0.61273320 -0.45373050 0.00000000
0.38942630 0.13812160 -0.06171776 1.00000000

-0.17407520 0.65790080 -0.73271050 0.00000000
0.45586210 -0.60570160 -0.65216200 0.00000000
-0.87286160 -0.44754010 -0.19447450 0.00000000
0.41835250 0.11067130 -0.09208911 1.00000000

0.30809650 0.34623860 -0.88611260 0.00000000
0.80212400 -0.59536300 0.04626244 0.00000000
-0.51154080 -0.72502550 -0.46115570 0.00000000
0.50686030 0.03261852 -0.06611202 1.00000000

0.28862030 0.35901870 -0.88758350 0.00000000
0.86772040 -0.48990320 0.08400013 0.00000000
-0.40467220 -0.79441820 -0.45292390 0.00000000
0.53224550 0.01383406 -0.06473809 1.00000000

0.30256560 0.35029520 -0.88642400 0.00000000
0.80685700 -0.58921180 0.04256323 0.00000000
-0.50738160 -0.72809540 -0.46091340 0.00000000
0.47919780 0.05287588 -0.06766093 1.00000000

0.01571038 0.53274470 -0.84613030 0.00000000
0.89529610 -0.38428070 -0.22532940 0.00000000
-0.44519460 -0.75399710 -0.48300140 0.00000000
0.53387030 0.03114283 -0.10895320 1.00000000

0.02915579 0.52525130 -0.85044770 0.00000000
0.83087180 -0.48573070 -0.27151090 0.00000000
-0.55569980 -0.69869700 -0.45057820 0.00000000
0.50826880 0.04607272 -0.10052980 1.00000000

0.02097832 0.53026480 -0.84757240 0.00000000
0.83398370 -0.47683080 -0.27767670 0.00000000
-0.55139070 -0.70103620 -0.45223550 0.00000000
0.48076560 0.06192303 -0.09156688 1.00000000

0.65264340 0.05583424 -0.75560540 0.00000000
0.60527620 -0.63828970 0.47563330 0.00000000
-0.45573840 -0.76776890 -0.45037060 0.00000000
0.45482540 0.04790342 -0.03066242 1.00000000

0.50226690 0.20046230 -0.84115590 0.00000000
0.71753950 -0.63947700 0.27605490 0.00000000
-0.48256090 -0.74221570 -0.46502760 0.00000000
0.47220950 0.04458725 -0.04735556 1.00000000

0.50020900 0.20224910 -0.84195380 0.00000000
0.71646610 -0.64272200 0.27126530 0.00000000
-0.48627900 -0.73892090 -0.46640000 0.00000000
0.49180310 0.02716798 -0.03988557 1.00000000

0.61209120 0.09743839 -0.78476140 0.00000000
0.63846420 -0.64643100 0.41772070 0.00000000
-0.46659190 -0.75672510 -0.45788580 0.00000000
0.47132240 0.03044397 -0.01759207 1.00000000

0.59852970 0.10981590 -0.79353820 0.00000000
0.70489630 -0.54284980 0.45654740 0.00000000
-0.38063580 -0.83261920 -0.40232060 0.00000000
0.48534770 0.01626444 -0.00845028 1.00000000

0.48369770 0.21506990 -0.84839960 0.00000000
0.78323920 -0.53896830 0.30991880 0.00000000
-0.39060610 -0.81440660 -0.42914890 0.00000000
0.51055960 0.01031983 -0.03274889 1.00000000

-0.26298310 0.68199650 -0.68243750 0.00000000
0.41544000 -0.55835490 -0.71808760 0.00000000
-0.87077530 -0.47235660 -0.13649080 0.00000000
0.43583380 0.08917344 -0.12107810 1.00000000

-0.31965330 0.74565980 -0.58464800 0.00000000
0.41627450 -0.44377490 -0.79358640 0.00000000
-0.85119750 -0.49704660 -0.16854510 0.00000000
0.45069120 0.06932771 -0.14718320 1.00000000

-0.06751709 0.43376680 0.89849200 0.00000000
-0.99613030 -0.08009256 -0.03618766 0.00000000
0.05626547 -0.89745840 0.43749580 0.00000000
0.01196827 0.63443330 -0.26862860 1.00000000

-0.21780750 -0.72974260 0.64810140 0.00000000
-0.97576550 0.17711560 -0.12849860 0.00000000
-0.02101794 -0.66038290 -0.75063480 0.00000000
-0.11758780 0.62401650 -0.27333510 1.00000000

0.70763630 -0.69932280 0.10098820 0.00000000
-0.38555750 -0.26239920 0.88458590 0.00000000
-0.59211180 -0.66490190 -0.45531230 0.00000000
-0.33166750 -0.03030759 0.27267950 1.00000000

0.64518030 -0.68165110 -0.34510060 0.00000000
-0.67885460 -0.71869650 0.15043910 0.00000000
-0.35056940 0.13721280 -0.92643070 0.00000000
-0.55591250 -0.25131240 0.74812670 1.00000000

0.71969210 -0.64357400 -0.26049190 0.00000000
-0.37894440 -0.67848930 0.62932790 0.00000000
-0.58175990 -0.35421030 -0.73218210 0.00000000
-0.49429430 -0.14098680 0.64579500 1.00000000

-0.90680810 -0.33597140 0.25460260 0.00000000
-0.41701450 0.62666120 -0.65832720 0.00000000
0.06162950 -0.70314930 -0.70836650 0.00000000
-0.36710140 0.66930690 -0.30619360 1.00000000

-0.76027720 -0.59334300 -0.26442950 0.00000000
-0.49184020 0.79170340 -0.36235190 0.00000000
0.42434860 -0.14543100 -0.89374390 0.00000000
-0.46468990 0.81595640 -0.46025330 1.00000000

-0.81351410 -0.49134690 -0.31108380 0.00000000
-0.36691490 0.84867900 -0.38094290 0.00000000
0.45118530 -0.19576110 -0.87069480 0.00000000
-0.51850800 0.91815350 -0.49994970 1.00000000

-0.91411640 0.04755476 -0.40265330 0.00000000
0.23733940 0.86793090 -0.43630940 0.00000000
0.32872660 -0.49440310 -0.80467660 0.00000000
-0.45755310 0.86341050 -0.47814740 1.00000000

-0.80355200 -0.51531580 -0.29791590 0.00000000
-0.31024070 0.78972820 -0.52922590 0.00000000
0.50799110 -0.33283500 -0.79445980 0.00000000
-0.54014170 0.97173620 -0.53279600 1.00000000

-0.79868870 -0.52819770 -0.28827710 0.00000000
-0.27419720 0.74589990 -0.60700010 0.00000000
0.53564200 -0.40575950 -0.74057230 0.00000000
-0.53140540 0.94760140 -0.51325380 1.00000000

-0.88102790 -0.25709120 -0.39710740 0.00000000
-0.00464496 0.84409680 -0.53617070 0.00000000
0.47304180 -0.47053690 -0.74486700 0.00000000
-0.50086220 0.96466600 -0.50500710 1.00000000

-0.88121870 -0.24541060 -0.40401380 0.00000000
-0.03748733 0.88826700 -0.45779510 0.00000000
0.47121990 -0.38827240 -0.79195750 0.00000000
-0.50093660 0.98879100 -0.52029420 1.00000000

-0.88312540 -0.21832200 -0.41524120 0.00000000
-0.08947480 0.94725250 -0.30774520 0.00000000
0.46052580 -0.23462410 -0.85607710 0.00000000
-0.49796810 0.93516230 -0.49536430 1.00000000

-0.72817230 -0.63737700 -0.25202340 0.00000000
-0.53276290 0.75769170 -0.37691760 0.00000000
0.43119470 -0.14019220 -0.89130120 0.00000000
-0.53498820 0.90619500 -0.50662530 1.00000000

-0.70700290 -0.66864800 -0.23034120 0.00000000
-0.43415310 0.66746540 -0.60498030 0.00000000
0.55826340 -0.32771930 -0.76219550 0.00000000
-0.55004740 0.92755040 -0.51726980 1.00000000

-0.71558270 -0.65561900 -0.24105030 0.00000000
-0.47155500 0.70798090 -0.52573650 0.00000000
0.51534180 -0.26253940 -0.81577920 0.00000000
-0.56166110 0.94554170 -0.53351160 1.00000000

-0.53146270 -0.83574440 -0.13812770 0.00000000
-0.74464020 0.53866950 -0.39413960 0.00000000
0.40380510 -0.10661510 -0.90861150 0.00000000
-0.54557880 0.88508390 -0.50836420 1.00000000

-0.49927990 -0.85883670 -0.11454030 0.00000000
-0.63856310 0.45408890 -0.62132170 0.00000000
0.58562520 -0.23707220 -0.77513870 0.00000000
-0.56528340 0.89923980 -0.51878240 1.00000000

-0.50978650 -0.85132640 -0.12393910 0.00000000
-0.68300190 0.48809940 -0.54338510 0.00000000
0.52309270 -0.19235980 -0.83028420 0.00000000
-0.57897850 0.90904640 -0.53212850 1.00000000

-0.90818240 0.15802430 -0.38759880 0.00000000
0.32998420 0.83999530 -0.43071860 0.00000000
0.25751710 -0.51907260 -0.81501460 0.00000000
-0.44396570 0.89857290 -0.49420100 1.00000000

-0.83651640 0.30186040 -0.45729720 0.00000000
0.47177000 0.82126080 -0.32087920 0.00000000
0.27869960 -0.48416000 -0.82940700 0.00000000
-0.43198460 0.92817060 -0.50926570 1.00000000

-1.00000000 0.00000000 0.00000000 0.00000000
0.00000000 1.00000000 0.00000000 0.00000000
0.00000000 0.00000000 -1.00000000 0.00000000
0.00000000 -0.79699990 0.00000000 1.00000000

-0.97622970 0.00912018 -0.21654630 0.00000000
0.17199670 0.64054070 -0.74841480 0.00000000
0.13188110 -0.76787000 -0.62688360 0.00000000
0.00964436 0.24723230 0.00802701 1.00000000

0.76796410 -0.60787510 0.20178910 0.00000000
-0.59176250 -0.55286510 0.58664910 0.00000000
-0.24504720 -0.56993660 -0.78429840 0.00000000
-0.07950076 0.21913730 0.03567886 1.00000000

0.75996960 0.59966680 0.25069130 0.00000000
0.49668890 -0.78459760 0.37108900 0.00000000
0.41922140 -0.15750050 -0.89411800 0.00000000
0.07850751 0.21600590 0.06931150 1.00000000

-0.99507330 0.02034717 -0.09703082 0.00000000
0.04065337 0.97638840 -0.21216290 0.00000000
0.09042290 -0.21506220 -0.97240530 0.00000000
0.08494183 0.69910740 -0.30765230 1.00000000

-0.98769960 0.03656441 -0.15202730 0.00000000
0.09320232 0.91834550 -0.38464900 0.00000000
0.12554910 -0.39408700 -0.91045760 0.00000000
0.07620244 0.64516470 -0.26384750 1.00000000

0.30425710 -0.41357670 -0.85812720 0.00000000
0.30116990 -0.81286530 0.49854530 0.00000000
-0.90372810 -0.41012780 -0.12276290 0.00000000
0.24895980 0.57143970 -0.22352390 1.00000000

-0.10699840 -0.48926790 -0.86554530 0.00000000
0.88706020 -0.44017980 0.13916270 0.00000000
-0.44908330 -0.75290040 0.48110870 0.00000000
0.13358940 0.62868930 -0.24162330 1.00000000

-0.97709800 0.04207183 -0.20858920 0.00000000
0.13185970 0.88908050 -0.43834790 0.00000000
0.16701050 -0.45581340 -0.87426640 0.00000000
0.05684142 0.51462080 -0.19948470 1.00000000

-0.97880220 0.02327143 -0.20348120 0.00000000
0.13161650 0.83268240 -0.53788190 0.00000000
0.15691800 -0.55326150 -0.81809450 0.00000000
0.03966339 0.40594260 -0.12928270 1.00000000

0.76415150 0.59406220 0.25132230 0.00000000
-0.45537870 0.22089070 0.86246030 0.00000000
0.45684030 -0.77349700 0.43931740 0.00000000
0.29103980 -0.11972200 0.22809980 1.00000000

0.57461460 0.69285360 0.43562810 0.00000000
-0.29838680 -0.31828580 0.89981110 0.00000000
0.76209150 -0.64703030 0.02384683 0.00000000
0.09898957 -0.02656412 0.59183160 1.00000000

0.47345160 0.76573500 0.43530880 0.00000000
0.29009900 -0.60219390 0.74377800 0.00000000
0.83167700 -0.22586010 -0.50724850 0.00000000
0.05070381 -0.07807004 0.73744160 1.00000000

-0.98044650 0.00469527 -0.19672950 0.00000000
0.13013990 0.76535330 -0.63031570 0.00000000
0.14760810 -0.64359320 -0.75099900 0.00000000
0.02480122 0.31853820 -0.05729972 1.00000000

0.22887430 -0.19658000 -0.95340090 0.00000000
0.34084090 -0.90121860 0.26764330 0.00000000
-0.91183570 -0.38621460 -0.13926310 0.00000000
0.32594120 0.36366510 -0.09609180 1.00000000

0.44027100 0.36105730 -0.82207030 0.00000000
0.76045560 -0.63672690 0.12761900 0.00000000
-0.47735610 -0.68133470 -0.55490010 0.00000000
0.40571190 0.15274300 -0.03345232 1.00000000

-0.13595160 0.64564320 -0.75144020 0.00000000
0.63257210 -0.52717400 -0.56739800 0.00000000
-0.76247610 -0.55247870 -0.33674540 0.00000000
0.44259540 0.12994000 -0.05859789 1.00000000

0.39624490 0.40712870 -0.82294390 0.00000000
0.87088790 -0.45051220 0.19645140 0.00000000
-0.29076500 -0.79453460 -0.53307650 0.00000000
0.53553380 0.06446737 -0.01780131 1.00000000

0.37328000 0.41720390 -0.82861550 0.00000000
0.91327200 -0.32226560 0.24915750 0.00000000
-0.16308450 -0.84975660 -0.50131580 0.00000000
0.56310150 0.05026770 -0.01167368 1.00000000

0.39147570 0.40958170 -0.82400860 0.00000000
0.87196980 -0.45118910 0.18999330 0.00000000
-0.29396560 -0.79288820 -0.53377230 0.00000000
0.50564550 0.07999361 -0.02440406 1.00000000

0.07263143 0.54331830 -0.83637930 0.00000000
0.97663690 -0.20880060 -0.05082703 0.00000000
-0.20225160 -0.81314680 -0.54579000 0.00000000
0.56963300 0.06845641 -0.05507409 1.00000000

0.08996045 0.53772440 -0.83830780 0.00000000
0.93639400 -0.33236150 -0.11270390 0.00000000
-0.33922460 -0.77484750 -0.53342130 0.00000000
0.54077610 0.07865995 -0.05154456 1.00000000

0.08197030 0.54082300 -0.83713300 0.00000000
0.93589170 -0.33052780 -0.12189440 0.00000000
-0.34261870 -0.77347400 -0.53324520 0.00000000
0.50992570 0.08968705 -0.04771750 1.00000000

0.75480510 0.15379620 -0.63766490 0.00000000
0.59543620 -0.56847150 0.56771170 0.00000000
-0.27518200 -0.80820020 -0.52066060 0.00000000
0.47638140 0.07109970 0.00803284 1.00000000

0.60331710 0.28045340 -0.74656210 0.00000000
0.73799820 -0.55114750 0.38935240 0.00000000
-0.30227040 -0.78586430 -0.53949060 0.00000000
0.49655960 0.07042831 -0.00554136 1.00000000

0.60009370 0.28280480 -0.74827100 0.00000000
0.74170690 -0.54705660 0.38807260 0.00000000
-0.29959730 -0.78787750 -0.53804330 0.00000000
0.51671750 0.05542225 0.00502341 1.00000000

0.71365260 0.19153760 -0.67380570 0.00000000
0.64197010 -0.56374000 0.51968460 0.00000000
-0.28031160 -0.80343690 -0.52527570 0.00000000
0.49260070 0.05554134 0.02361114 1.00000000

0.69841930 0.20335180 -0.68619190 0.00000000
0.69139510 -0.43939690 0.57350100 0.00000000
-0.18488800 -0.87497370 -0.44747960 0.00000000
0.50670600 0.04317868 0.03499319 1.00000000

0.58127530 0.29452390 -0.75853500 0.00000000
0.79114650 -0.42254890 0.44219890 0.00000000
-0.19027980 -0.85715120 -0.47862830 0.00000000
0.53613200 0.04107803 0.01521761 1.00000000

-0.23430740 0.65691700 -0.71663140 0.00000000
0.59769170 -0.48403450 -0.63912100 0.00000000
-0.76672340 -0.57807530 -0.27922070 0.00000000
0.46728120 0.11152550 -0.08428109 1.00000000

-0.31416930 0.71055430 -0.62961160 0.00000000
0.59588730 -0.36869150 -0.71343200 0.00000000
-0.73906420 -0.59931580 -0.30757840 0.00000000
0.48871030 0.09434581 -0.10755620 1.00000000

-0.09589369 0.44342940 0.89116500 0.00000000
-0.99446890 -0.08121802 -0.06659700 0.00000000
0.04284751 -0.89262220 0.44876520 0.00000000
0.01368580 0.63353060 -0.26771220 1.00000000

-0.26769980 -0.68190430 0.68069390 0.00000000
-0.96329860 0.17488550 -0.20364480 0.00000000
0.01982263 -0.71022680 -0.70369420 0.00000000
-0.11565420 0.62296750 -0.27637380 1.00000000

0.70017580 -0.70697860 0.09967406 0.00000000
-0.38181270 -0.25280310 0.88899360 0.00000000
-0.60330150 -0.66050860 -0.44694010 0.00000000
-0.33263250 -0.01735580 0.28662330 1.00000000

0.63078390 -0.69634880 -0.34235940 0.00000000
-0.68045180 -0.70845810 0.18727680 0.00000000
-0.37295720 0.11482770 -0.92071570 0.00000000
-0.55366210 -0.23100350 0.76832180 1.00000000

0.70765270 -0.65668310 -0.26075840 0.00000000
-0.36888340 -0.65813670 0.65633920 0.00000000
-0.60262160 -0.36827070 -0.70797170 0.00000000
-0.49367990 -0.12398730 0.66159790 1.00000000

-0.91582830 -0.32555510 0.23510130 0.00000000
-0.38944010 0.57722910 -0.71773500 0.00000000
0.09795485 -0.74887970 -0.65542700 0.00000000
-0.36197980 0.66768750 -0.32844790 1.00000000

-0.74664180 -0.61598360 -0.25117900 0.00000000
-0.48710690 0.76340290 -0.42419700 0.00000000
0.45304890 -0.19437200 -0.87003830 0.00000000
-0.45311550 0.80276890 -0.49641010 1.00000000

-0.79904280 -0.51790610 -0.30545740 0.00000000
-0.36109230 0.81953280 -0.44494830 0.00000000
0.48077340 -0.24523420 -0.84185370 0.00000000
-0.50654690 0.90183780 -0.54381190 1.00000000

-0.90157900 0.01384016 -0.43239340 0.00000000
0.24333800 0.84261070 -0.48041080 0.00000000
0.35769000 -0.53834570 -0.76304790 0.00000000
-0.44583220 0.84913590 -0.51690660 1.00000000

-0.78953440 -0.54037160 -0.29092010 0.00000000
-0.30129250 0.75427420 -0.58334730 0.00000000
0.53465730 -0.37292050 -0.75833530 0.00000000
-0.52758780 0.95311570 -0.58053030 1.00000000

-0.78481580 -0.55270740 -0.28031980 0.00000000
-0.26212440 0.70592430 -0.65799890 0.00000000
0.56156490 -0.44292900 -0.69889850 0.00000000
-0.51923930 0.93026730 -0.55934180 1.00000000

-0.86558150 -0.28969870 -0.40846490 0.00000000
0.00449187 0.81115210 -0.58481850 0.00000000
0.50074790 -0.50804260 -0.70081700 0.00000000
-0.48911850 0.94811680 -0.55119980 1.00000000

-0.86566540 -0.27833710 -0.41611570 0.00000000
-0.03156592 0.85988850 -0.50950560 0.00000000
0.49962700 -0.42792620 -0.75316170 0.00000000
-0.48893310 0.97130270 -0.56787540 1.00000000

-0.86740550 -0.25262590 -0.42870570 0.00000000
-0.08696956 0.92524800 -0.36925970 0.00000000
0.48994330 -0.28301330 -0.82453600 0.00000000
-0.48630440 0.91930290 -0.53963750 1.00000000

-0.71425340 -0.66020390 -0.23232200 0.00000000
-0.52160130 0.72345440 -0.45226810 0.00000000
0.46666320 -0.20185430 -0.86109300 0.00000000
-0.52270980 0.88933030 -0.55025250 1.00000000

-0.69403550 -0.68923760 -0.20800660 0.00000000
-0.41560630 0.61948340 -0.66596740 0.00000000
0.58786580 -0.37575590 -0.71639480 0.00000000
-0.53745370 0.90971880 -0.56302230 1.00000000

-0.70235690 -0.67697750 -0.21999270 0.00000000
-0.45653520 0.66552910 -0.59046350 0.00000000
0.54614180 -0.31428130 -0.77650290 0.00000000
-0.54857000 0.92642220 -0.58090530 1.00000000

-0.52110930 -0.84801380 -0.09653035 0.00000000
-0.73145430 0.50201300 -0.46147360 0.00000000
0.43979510 -0.16987060 -0.88188730 0.00000000
-0.53306110 0.86804440 -0.55103700 1.00000000

-0.49014300 -0.86878570 -0.07050966 0.00000000
-0.61829050 0.40355720 -0.67443220 0.00000000
0.61439130 -0.28697260 -0.73496280 0.00000000
-0.55241690 0.88123130 -0.56322970 1.00000000

-0.50043850 -0.86198700 -0.08087251 0.00000000
-0.66611470 0.44301700 -0.60002290 0.00000000
0.55303930 -0.24640390 -0.79588490 0.00000000
-0.56567690 0.88995240 -0.57771970 1.00000000

-0.89705520 0.12506940 -0.42385100 0.00000000
0.33599970 0.81602240 -0.47033230 0.00000000
0.28704740 -0.56432750 -0.77404050 0.00000000
-0.43205430 0.88341100 -0.53462980 1.00000000

-0.82449240 0.26520090 -0.49988100 0.00000000
0.47447000 0.80538060 -0.35530350 0.00000000
0.30836740 -0.53012350 -0.78986020 0.00000000
-0.41986470 0.91217430 -0.55107990 1.00000000

-1.00000000 0.00000000 0.00000000 0.00000000
0.00000000 1.00000000 0.00000000 0.00000000
0.00000000 0.00000000 -1.00000000 0.00000000
0.00000000 -0.79699990 0.00000000 1.00000000

-0.97730150 0.02069668 -0.21083960 0.00000000
0.17515780 0.63876000 -0.74920320 0.00000000
0.11916990 -0.76912760 -0.62788630 0.00000000
0.00836220 0.24587700 0.00755082 1.00000000

0.75964590 -0.61783860 0.20301170 0.00000000
-0.59009880 -0.52362780 0.61448960 0.00000000
-0.27335280 -0.58659120 -0.76235750 0.00000000
-0.08094472 0.21882280 0.03571380 1.00000000

0.76437520 0.59465430 0.24923290 0.00000000
0.50757210 -0.79332880 0.33615500 0.00000000
0.39761960 -0.13044480 -0.90823060 0.00000000
0.07720928 0.21381840 0.06842227 1.00000000

-0.99458790 0.01596488 -0.10266350 0.00000000
0.03888508 0.97350720 -0.22532560 0.00000000
0.09634642 -0.22809830 -0.96885940 0.00000000
0.08661732 0.69748570 -0.30752790 1.00000000

-0.98695590 0.03683211 -0.15672160 0.00000000
0.09592660 0.91633830 -0.38874430 0.00000000
0.12929170 -0.39870720 -0.90791860 0.00000000
0.07762103 0.64376900 -0.26349800 1.00000000

