MeshAnim
1
14
53
30
0.97146840 0.03460560 0.23463060 0.00000000
0.04161778 0.94907360 -0.31229350 0.00000000
0.23348880 -0.31314810 -0.92055490 0.00000000
0.00299682 0.92681570 -0.01406015 1.00000000

-0.94296500 0.00781729 -0.33280010 0.00000000
-0.04974241 -0.99180920 0.11764440 0.00000000
0.32915460 -0.12748890 -0.93563020 0.00000000
0.07747032 0.88069280 0.02868550 1.00000000

-0.99680070 0.05192420 0.06076457 0.00000000
-0.07991511 -0.66101600 -0.74610420 0.00000000
-0.00142546 0.74857310 -0.66305070 0.00000000
-0.07897987 0.87442570 -0.01120984 1.00000000

0.99783500 -0.05054024 0.04208176 0.00000000
0.06190065 0.93788750 -0.34137280 0.00000000
0.02221490 -0.34323870 -0.93898550 0.00000000
0.02483492 1.43645300 -0.22677730 1.00000000

0.99803530 -0.04340175 0.04518871 0.00000000
0.05893045 0.89521560 -0.44171950 0.00000000
0.02128226 -0.44351460 -0.89601440 0.00000000
0.02045495 1.38503900 -0.17942210 1.00000000

0.55225890 -0.80233260 -0.22643390 0.00000000
-0.50129540 -0.53661570 0.67878300 0.00000000
0.66611780 0.26135370 0.69855670 0.00000000
-0.15673600 1.31254200 -0.16689640 1.00000000

0.18885140 -0.44601290 -0.87487570 0.00000000
-0.88384700 -0.46545900 0.04650371 0.00000000
0.42796000 -0.76447400 0.48210980 0.00000000
-0.04178345 1.37307900 -0.17294470 1.00000000

0.99826540 -0.03550922 0.04696254 0.00000000
0.05232954 0.90067310 -0.43133470 0.00000000
0.02698153 -0.43304400 -0.90096880 0.00000000
0.01277139 1.25279300 -0.11608900 1.00000000

0.99632050 -0.00992228 0.08512934 0.00000000
0.04066821 0.92906370 -0.36767740 0.00000000
0.07544240 -0.36978660 -0.92604890 0.00000000
0.00746354 1.13153600 -0.06810131 1.00000000

-0.98220620 0.16247150 0.09420292 0.00000000
0.05283058 -0.24231530 0.96875800 0.00000000
-0.18022240 -0.95649700 -0.22942020 0.00000000
-0.11317540 0.59157810 -0.33046650 1.00000000

-0.98173900 0.17448170 -0.07579339 0.00000000
-0.16357550 -0.57087140 0.80458010 0.00000000
-0.09711620 -0.80228550 -0.58898780 0.00000000
-0.09089478 0.48938470 0.07809506 1.00000000

-0.96331200 0.26837170 -0.00251637 0.00000000
-0.25624890 -0.91692940 0.30590370 0.00000000
-0.07978857 -0.29532570 -0.95205920 0.00000000
-0.11736500 0.39700470 0.20829450 1.00000000

0.99197320 0.01103393 0.12596610 0.00000000
0.02783114 0.95270500 -0.30261960 0.00000000
0.12334770 -0.30369630 -0.94475070 0.00000000
0.00428519 1.02273600 -0.03354174 1.00000000

0.70532580 -0.33202280 -0.62631960 0.00000000
-0.02470778 -0.89450760 0.44636960 0.00000000
0.70845250 0.29936100 0.63912300 0.00000000
-0.28487100 1.17537900 0.00660579 1.00000000

0.31396960 -0.50562710 -0.80359460 0.00000000
-0.03005309 -0.85126270 0.52387840 0.00000000
0.94895720 0.14033140 0.28246620 0.00000000
-0.29065370 0.96602760 0.11107460 1.00000000

0.35899880 -0.06064708 -0.93136570 0.00000000
0.42857450 -0.87575200 0.22222170 0.00000000
0.82912240 0.47893680 0.28840200 0.00000000
-0.27155620 0.91969080 0.11200550 1.00000000

0.50127510 -0.49891050 -0.70697360 0.00000000
0.55440260 0.81248900 -0.18027700 0.00000000
-0.66435030 0.30157970 -0.68387790 0.00000000
-0.26296980 0.85830290 0.18066180 1.00000000

0.52297070 -0.39957050 -0.75289120 0.00000000
-0.18179110 0.81069870 -0.55652500 0.00000000
-0.83273870 -0.42791510 -0.35133330 0.00000000
-0.24539570 0.88393520 0.17489290 1.00000000

0.38017250 -0.57341790 -0.72571410 0.00000000
0.90897790 0.08660172 0.40774930 0.00000000
0.17096270 0.81467310 -0.55414780 0.00000000
-0.29412960 0.85527360 0.16659510 1.00000000

0.51445780 -0.36753480 -0.77475910 0.00000000
-0.17796980 0.83805770 -0.51573890 0.00000000
-0.83884460 -0.40320930 -0.36573520 0.00000000
-0.23479930 0.87563060 0.15398700 1.00000000

0.49270920 -0.47203510 -0.73104080 0.00000000
0.56281100 0.81358790 -0.14601090 0.00000000
-0.66368780 0.33949690 -0.66652870 0.00000000
-0.25217340 0.85059580 0.15853550 1.00000000

0.37087030 -0.54244230 -0.75379820 0.00000000
0.91217240 0.06039098 0.40533260 0.00000000
0.17434680 0.83791970 -0.51719810 0.00000000
-0.28217470 0.84847830 0.14499180 1.00000000

0.51285090 -0.67274670 -0.53328750 0.00000000
0.85847740 0.40127530 0.31936620 0.00000000
0.00085740 0.62160290 -0.78333240 0.00000000
-0.30525470 0.88777880 0.19500770 1.00000000

0.38815540 -0.58194910 -0.71461240 0.00000000
0.90368280 0.08820921 0.41901880 0.00000000
0.18081220 0.80842730 -0.56013640 0.00000000
-0.30101850 0.86558520 0.18598740 1.00000000

0.51356970 -0.50311630 -0.69506840 0.00000000
0.54512170 0.81688690 -0.18851570 0.00000000
-0.66263770 0.28208100 -0.69378820 0.00000000
-0.27635800 0.86795160 0.19736300 1.00000000

0.62318710 -0.56119070 -0.54470440 0.00000000
0.34542340 0.82238000 -0.45207770 0.00000000
-0.70165580 -0.09357531 -0.70634500 0.00000000
-0.28182190 0.89880880 0.20378590 1.00000000

0.62035390 -0.46764080 -0.62966110 0.00000000
-0.36823280 0.53517600 -0.76025790 0.00000000
-0.69250700 -0.70349070 -0.15979760 0.00000000
-0.27422540 0.91683510 0.19385180 1.00000000

0.53902030 -0.39458900 -0.74414820 0.00000000
-0.17649390 0.81095430 -0.55785590 0.00000000
-0.82359390 -0.43203310 -0.36747840 0.00000000
-0.26209170 0.88937360 0.19244710 1.00000000

0.52203110 -0.34845090 -0.77850210 0.00000000
0.25696120 -0.80608390 0.53310400 0.00000000
0.81329830 0.47834160 0.33126250 0.00000000
-0.25300240 0.88450620 0.11709530 1.00000000

0.43914330 -0.45182040 -0.77653810 0.00000000
0.00632583 -0.86276400 0.50556740 0.00000000
0.89839470 0.22692880 0.37601900 0.00000000
-0.24355730 0.85535790 0.13599620 1.00000000

0.33319270 0.40528990 0.85130640 0.00000000
0.84289240 -0.53264250 -0.07631910 0.00000000
-0.42251060 -0.74298870 0.51908830 0.00000000
0.08081852 1.36840600 -0.16766700 1.00000000

0.27219110 -0.06198829 0.96024450 0.00000000
0.08002149 -0.99300800 -0.08678627 0.00000000
-0.95891020 -0.10046260 0.26532750 0.00000000
0.19044450 1.29913100 -0.17759310 1.00000000

-0.96208510 0.08449773 -0.25933040 0.00000000
-0.21873270 -0.80701990 0.54852070 0.00000000
0.16293610 -0.58444770 -0.79490430 0.00000000
0.05619256 0.45643750 0.07900894 1.00000000

-0.97906230 0.02765820 -0.20167320 0.00000000
0.20344380 0.09934369 -0.97403370 0.00000000
0.00690511 0.99466870 0.10289050 0.00000000
-0.01163760 0.00733566 0.19193750 1.00000000

-0.98839760 -0.08496050 -0.12590490 0.00000000
0.15024520 -0.66851340 -0.72836550 0.00000000
0.02228688 0.73883120 -0.67352190 0.00000000
-0.03606820 0.11603910 0.31037320 1.00000000

0.04512712 -0.96535940 0.25699220 0.00000000
-0.30706170 -0.25820440 -0.91599330 0.00000000
-0.95061920 0.03757641 0.30807690 0.00000000
0.21090690 1.04520800 -0.19978520 1.00000000

-0.32896130 -0.94109710 0.07823624 0.00000000
-0.17816590 -0.01950872 -0.98380700 0.00000000
-0.92738430 0.33757350 0.16125370 0.00000000
0.13904920 0.98478390 -0.41414320 1.00000000

-0.27833940 -0.95123550 0.13296110 0.00000000
-0.95660030 0.28698010 0.05058601 0.00000000
0.08627641 0.11311060 0.98982970 0.00000000
0.12245010 0.99033920 -0.53501530 1.00000000

-0.31728800 -0.82612680 -0.46566400 0.00000000
-0.28327950 0.55118200 -0.78482580 0.00000000
-0.90503120 0.11710280 0.40890810 0.00000000
0.13007670 1.01523600 -0.45433290 1.00000000

-0.19088800 -0.98159630 -0.00553162 0.00000000
0.36307970 -0.07584029 0.92866670 0.00000000
0.91199540 -0.17526300 -0.37087470 0.00000000
0.07525201 1.00520900 -0.50454750 1.00000000

-0.19167040 -0.97863170 0.07444750 0.00000000
-0.43079150 0.15204380 0.88955150 0.00000000
0.88186250 -0.13842950 0.45072850 0.00000000
0.08912298 1.00017000 -0.53323390 1.00000000

-0.18948140 -0.98100050 0.04165608 0.00000000
-0.46171460 0.12646160 0.87796760 0.00000000
0.86655440 -0.14712530 0.47690420 0.00000000
0.09906304 1.02496300 -0.53753580 1.00000000

-0.18539560 -0.98182400 -0.04062514 0.00000000
0.33182280 -0.10146390 0.93786920 0.00000000
0.92494450 -0.16039650 -0.34460230 0.00000000
0.08588870 1.02864000 -0.51246320 1.00000000

-0.27561760 -0.95648260 0.09579388 0.00000000
-0.95972250 0.27945260 0.02896972 0.00000000
0.05447890 0.08395098 0.99497960 0.00000000
0.12901410 1.01636500 -0.53845020 1.00000000

-0.19578650 -0.97175570 0.13175260 0.00000000
-0.96803560 0.21299390 0.13244230 0.00000000
0.15676410 0.10161080 0.98239520 0.00000000
0.11456490 0.97042890 -0.53426680 1.00000000

-0.10820560 -0.99230020 0.06026547 0.00000000
-0.35244500 0.09497509 0.93100090 0.00000000
0.92955590 -0.07949930 0.36000780 0.00000000
0.08724366 0.97640280 -0.53052510 1.00000000

-0.11276450 -0.99332550 -0.02426888 0.00000000
0.43963360 -0.07178228 0.89530440 0.00000000
0.89107060 -0.09028910 -0.44479360 0.00000000
0.07777946 0.97903270 -0.50550730 1.00000000

-0.07480035 -0.95731160 0.27921250 0.00000000
-0.96251890 0.14251020 0.23075570 0.00000000
0.26069580 0.25148670 0.93209030 0.00000000
0.10946100 0.95088650 -0.52190120 1.00000000

0.01001713 -0.98045400 0.19649400 0.00000000
-0.24508260 0.18810300 0.95107930 0.00000000
0.96945050 0.05768429 0.23840810 0.00000000
0.08404016 0.95457230 -0.51578580 1.00000000

-0.00807226 -0.99431560 0.10616760 0.00000000
0.56610080 0.08297521 0.82014940 0.00000000
0.82429660 -0.06672205 -0.56221280 0.00000000
0.07877266 0.95866940 -0.49535770 1.00000000

-0.15020440 -0.97833430 -0.14248000 0.00000000
-0.36417870 0.18873270 -0.91200550 0.00000000
-0.91913710 0.08509907 0.38463690 0.00000000
0.11989310 1.04123400 -0.48431780 1.00000000

-0.23958790 -0.96706210 -0.08595873 0.00000000
-0.14347810 0.12283300 -0.98200120 0.00000000
-0.96021440 0.22294240 0.16818130 0.00000000
0.10709080 1.04825400 -0.51646350 1.00000000

1.00000000 0.00000000 0.00000000 0.00000000
0.00000000 1.00000000 0.00000000 0.00000000
0.00000000 0.00000000 -1.00000000 0.00000000
0.00000000 0.00000000 0.00000000 1.00000000

0.97209920 -0.09797508 0.21312920 0.00000000
0.15963080 0.94206050 -0.29502560 0.00000000
0.17187550 -0.32081610 -0.93141600 0.00000000
-0.00024416 0.91536610 0.00314084 1.00000000

-0.92115530 -0.11879170 -0.37062350 0.00000000
-0.07013356 -0.88602660 0.45829950 0.00000000
0.38282440 -0.44815810 -0.80783650 0.00000000
0.06836798 0.85896970 0.04329833 1.00000000

-0.99626450 0.03581022 -0.07858089 0.00000000
0.05280356 -0.46741420 -0.88246010 0.00000000
0.06833089 0.88331290 -0.46377720 0.00000000
-0.08831714 0.87410630 0.00685339 1.00000000

0.99256240 0.00620130 -0.12157880 0.00000000
-0.05791155 0.90251240 -0.42675230 0.00000000
-0.10708000 -0.43061920 -0.89615890 0.00000000
0.01537676 1.42435700 -0.20550780 1.00000000

0.99086240 -0.02988427 -0.13152410 0.00000000
-0.03704955 0.87732640 -0.47846150 0.00000000
-0.12968810 -0.47896250 -0.86820270 0.00000000
0.02042422 1.37484500 -0.15623190 1.00000000

0.37298050 -0.92771640 0.01510897 0.00000000
-0.59585030 -0.22701090 0.77034320 0.00000000
0.71123010 0.29632560 0.63745060 0.00000000
-0.16256550 1.32302300 -0.12667670 1.00000000

0.06515249 -0.44613430 -0.89259150 0.00000000
-0.94299540 -0.32008080 0.09115067 0.00000000
0.32636670 -0.83577080 0.44155670 0.00000000
-0.03992019 1.36465300 -0.13853170 1.00000000

0.98822050 -0.06617778 -0.13798860 0.00000000
0.00140403 0.90555040 -0.42423640 0.00000000
-0.15303070 -0.41904540 -0.89497630 0.00000000
0.02021807 1.24188200 -0.09394107 1.00000000

0.99636410 -0.04818427 -0.07026306 0.00000000
0.01999561 0.93392500 -0.35690940 0.00000000
-0.08281784 -0.35420670 -0.93149270 0.00000000
0.01760833 1.11999000 -0.04735877 1.00000000

-0.98895530 0.14310830 0.03856866 0.00000000
-0.07295796 -0.69655010 0.71378920 0.00000000
-0.12901420 -0.70309190 -0.69929770 0.00000000
-0.06572260 0.67410050 -0.37074970 1.00000000

-0.96652440 0.25621310 -0.01362559 0.00000000
-0.25362190 -0.94601740 0.20180990 0.00000000
-0.03881636 -0.19850990 -0.97932980 0.00000000
-0.09649169 0.38033920 -0.06971810 1.00000000

-0.95483340 0.28105380 0.09644628 0.00000000
-0.29714050 -0.90222310 -0.31257270 0.00000000
0.00083360 0.32711280 -0.94498480 0.00000000
-0.13753350 0.22725210 -0.03706065 1.00000000

0.99920920 -0.03975610 0.00062974 0.00000000
0.03825936 0.95703910 -0.28742360 0.00000000
-0.01082419 -0.28722040 -0.95780330 0.00000000
0.01323905 1.01069500 -0.01453460 1.00000000

0.63281300 -0.34138830 -0.69498350 0.00000000
0.04917482 -0.87802710 0.47607850 0.00000000
0.77274200 0.33544440 0.53883930 0.00000000
-0.31486950 1.26499800 0.07022911 1.00000000

0.14113920 -0.64503740 -0.75100390 0.00000000
0.07388876 -0.74961820 0.65773350 0.00000000
0.98722890 0.14832280 0.05813955 0.00000000
-0.30336070 1.05950300 0.18165100 1.00000000

0.16103840 -0.22986760 -0.95980620 0.00000000
0.46116580 -0.84227780 0.27909580 0.00000000
0.87257840 0.48757500 0.02963203 0.00000000
-0.28467370 1.01326400 0.18669270 1.00000000

0.34425230 -0.62958360 -0.69650220 0.00000000
0.50939310 0.74841180 -0.42473390 0.00000000
-0.78867600 0.20857770 -0.57834800 0.00000000
-0.26251470 0.96395740 0.26175080 1.00000000

0.35654140 -0.54026940 -0.76222540 0.00000000
-0.28810780 0.71250280 -0.63979240 0.00000000
-0.88874770 -0.44771560 -0.09838106 0.00000000
-0.24637890 0.98755120 0.24825590 1.00000000

0.22155660 -0.70136700 -0.67749330 0.00000000
0.97343830 0.11795290 0.19622860 0.00000000
0.05771597 0.70297360 -0.70887060 0.00000000
-0.29590260 0.95983930 0.25494860 1.00000000

0.34388060 -0.51204120 -0.78712140 0.00000000
-0.27592350 0.74613690 -0.60592640 0.00000000
-0.89755960 -0.42555160 -0.11529790 0.00000000
-0.24030920 0.97545210 0.22739730 1.00000000

0.33106840 -0.60680510 -0.72262140 0.00000000
0.52462450 0.75490520 -0.39355840 0.00000000
-0.78432380 0.24880990 -0.56827010 0.00000000
-0.25649570 0.95223450 0.23957230 1.00000000

0.20684960 -0.67519350 -0.70804480 0.00000000
0.97596010 0.09160286 0.19776630 0.00000000
0.06867149 0.73193110 -0.67790980 0.00000000
-0.28863880 0.94905700 0.23288550 1.00000000

0.39029840 -0.77218280 -0.50139930 0.00000000
0.90730400 0.41510750 0.06697384 0.00000000
-0.15641870 0.48106140 -0.86262030 0.00000000
-0.30085380 0.99705640 0.27899040 1.00000000

0.23160130 -0.70822440 -0.66691780 0.00000000
0.97056230 0.12163230 0.20788260 0.00000000
0.06610879 0.69543100 -0.71554600 0.00000000
-0.29864330 0.97351640 0.27325900 1.00000000

0.35870010 -0.63221460 -0.68675980 0.00000000
0.49864460 0.75172820 -0.43157700 0.00000000
-0.78910620 0.18764230 -0.58489550 0.00000000
-0.27217000 0.97678550 0.27888210 1.00000000

0.49645630 -0.66853310 -0.55371010 0.00000000
0.24937140 0.72081980 -0.64670980 0.00000000
-0.83147210 -0.18298370 -0.52456850 0.00000000
-0.27607560 1.00847300 0.28086400 1.00000000

0.47673900 -0.59050050 -0.65117530 0.00000000
-0.51339150 0.41427300 -0.75153710 0.00000000
-0.71354750 -0.69259460 0.10565770 0.00000000
-0.27059010 1.02426800 0.26665940 1.00000000

0.37405910 -0.53452740 -0.75786580 0.00000000
-0.28319270 0.71232390 -0.64218170 0.00000000
-0.88310960 -0.45483580 -0.11507700 0.00000000
-0.25911620 0.99650470 0.26759690 1.00000000

0.35061190 -0.49416620 -0.79553190 0.00000000
0.35693250 -0.71483050 0.60134600 0.00000000
0.86583540 0.49479030 0.07424422 0.00000000
-0.26562230 0.97872900 0.19393630 1.00000000

0.26942930 -0.59241210 -0.75924680 0.00000000
0.10571390 -0.76544320 0.63476100 0.00000000
0.95720050 0.25128630 0.14360680 0.00000000
-0.25264220 0.95281140 0.21528740 1.00000000

0.50260090 0.40235950 0.76517930 0.00000000
0.84983840 -0.39236230 -0.35188980 0.00000000
-0.15864120 -0.82713900 0.53914240 0.00000000
0.08134798 1.35622100 -0.15596360 1.00000000

0.50529210 -0.29211900 0.81200170 0.00000000
0.00943167 -0.93903640 -0.34368900 0.00000000
-0.86289690 -0.18132190 0.47173240 0.00000000
0.19187740 1.30519000 -0.20173010 1.00000000

-0.92214650 -0.09081019 -0.37603120 0.00000000
-0.15739020 -0.79989030 0.57914070 0.00000000
0.35337560 -0.59323610 -0.72332320 0.00000000
0.03836773 0.47996380 0.23934010 1.00000000

-0.97098130 0.02849151 -0.23745270 0.00000000
0.23911380 0.09702484 -0.96613200 0.00000000
0.00448766 0.99487430 0.10102200 0.00000000
-0.00404939 0.00664264 0.39766160 1.00000000

-0.98646550 -0.08545747 -0.13993900 0.00000000
0.14741000 -0.83595340 -0.52863260 0.00000000
0.07180682 0.54210630 -0.83723640 0.00000000
-0.02801895 0.14257260 0.48361970 1.00000000

-0.12170350 -0.95914320 -0.25540800 0.00000000
-0.56435970 0.27854690 -0.77711650 0.00000000
-0.81650860 -0.04956409 0.57520180 0.00000000
0.19428920 1.06506900 -0.28961500 1.00000000

-0.72770290 -0.56038300 -0.39549960 0.00000000
-0.15634940 0.69696540 -0.69985320 0.00000000
-0.66783490 0.44744920 0.59479900 0.00000000
0.06221928 1.13025400 -0.47147360 1.00000000

-0.68810210 -0.62105760 -0.37523760 0.00000000
-0.71593800 0.49692850 0.49040320 0.00000000
0.11810250 -0.60609440 0.78657620 0.00000000
0.05137808 1.21929400 -0.55436380 1.00000000

-0.65830870 -0.13054650 -0.74134190 0.00000000
0.01222218 0.98286360 -0.18393050 0.00000000
-0.75264910 0.13014380 0.64543180 0.00000000
0.06878113 1.18010100 -0.48122860 1.00000000

-0.62311300 -0.58122830 -0.52335840 0.00000000
0.27679260 -0.78971370 0.54748480 0.00000000
0.73151640 -0.19628310 -0.65296050 0.00000000
0.01608026 1.22589600 -0.50867430 1.00000000

-0.62330010 -0.63155560 -0.46112360 0.00000000
-0.32123230 -0.33084120 0.88733000 0.00000000
0.71295650 -0.70120080 -0.00333703 0.00000000
0.02635788 1.23648300 -0.53736230 1.00000000

-0.62210020 -0.61235090 -0.48787090 0.00000000
-0.36035340 -0.32926280 0.87277260 0.00000000
0.69508030 -0.71875800 0.01582830 0.00000000
0.04668238 1.25226700 -0.52900950 1.00000000

-0.61796980 -0.56025900 -0.55156490 0.00000000
0.23713190 -0.80170860 0.54866420 0.00000000
0.74958790 -0.20826430 -0.62828650 0.00000000
0.03643159 1.24290300 -0.50405030 1.00000000

-0.68771370 -0.60107910 -0.40712880 0.00000000
-0.72195380 0.50724150 0.47062620 0.00000000
0.07637110 -0.61758430 0.78278840 0.00000000
0.06927017 1.23652500 -0.54363250 1.00000000

-0.62438860 -0.66319450 -0.41268910 0.00000000
-0.76117580 0.39798790 0.51207160 0.00000000
0.17535790 -0.63386080 0.75330660 0.00000000
0.03517164 1.20836200 -0.56313970 1.00000000

-0.55546920 -0.66093230 -0.50460150 0.00000000
-0.27861080 -0.42382570 0.86182850 0.00000000
0.78347310 -0.61930690 -0.05127929 0.00000000
0.01367129 1.21956700 -0.54870650 1.00000000

-0.55907180 -0.60442610 -0.56754580 0.00000000
0.34690110 -0.79224470 0.50200470 0.00000000
0.75305940 -0.08377439 -0.65259740 0.00000000
0.00622638 1.20822800 -0.52550380 1.00000000

-0.51203840 -0.79345170 -0.32901580 0.00000000
-0.78994200 0.28454320 0.54316380 0.00000000
0.33735500 -0.53802440 0.77247780 0.00000000
0.02147574 1.18905200 -0.56377190 1.00000000

-0.44664910 -0.78455310 -0.43009490 0.00000000
-0.14057560 -0.41320190 0.89972380 0.00000000
0.88359680 -0.46232180 -0.07426699 0.00000000
0.00057644 1.19650100 -0.54945640 1.00000000

-0.46812100 -0.72797290 -0.50091780 0.00000000
0.53140350 -0.68482270 0.49862660 0.00000000
0.70602610 0.03277201 -0.70742710 0.00000000
-0.00241965 1.18766500 -0.53009710 1.00000000

-0.58405540 -0.50346830 -0.63670990 0.00000000
-0.22574040 0.85420450 -0.46837650 0.00000000
-0.77969260 0.12982680 0.61255560 0.00000000
0.07209945 1.22071000 -0.48554730 1.00000000

-0.65869900 -0.50141720 -0.56097830 0.00000000
-0.05979002 0.77810360 -0.62528420 0.00000000
-0.75002720 0.37833340 0.54251570 0.00000000
0.06434302 1.25105100 -0.50185070 1.00000000

1.00000000 0.00000000 0.00000000 0.00000000
0.00000000 1.00000000 0.00000000 0.00000000
0.00000000 0.00000000 -1.00000000 0.00000000
0.00000000 0.00000000 0.00000000 1.00000000

0.96496250 -0.23350510 0.11967780 0.00000000
0.25956050 0.91626640 -0.30509710 0.00000000
0.03841498 -0.32547090 -0.94477140 0.00000000
0.00491150 0.90428440 0.02140193 1.00000000

-0.95972140 -0.09787852 -0.26335250 0.00000000
-0.09061530 -0.77942460 0.61990820 0.00000000
0.26593910 -0.61880300 -0.73916120 0.00000000
0.06855185 0.83836810 0.05465472 1.00000000

-0.97713470 0.04733141 -0.20728570 0.00000000
0.16622850 -0.43781660 -0.88356360 0.00000000
0.13257350 0.89781760 -0.41993800 0.00000000
-0.08726837 0.87539140 0.03327934 1.00000000

0.95583210 0.02568495 -0.29278880 0.00000000
-0.17424620 0.85175320 -0.49412040 0.00000000
-0.23669230 -0.52331330 -0.81860850 0.00000000
0.00576758 1.40772500 -0.18929030 1.00000000

0.94817740 -0.03201415 -0.31612470 0.00000000
-0.14000790 0.85102310 -0.50612010 0.00000000
-0.28523240 -0.52415150 -0.80243850 0.00000000
0.02080163 1.36087200 -0.13945270 1.00000000

0.17024310 -0.98389060 0.05455721 0.00000000
-0.60748120 -0.06119741 0.79197310 0.00000000
0.77587620 0.16797040 0.60811350 0.00000000
-0.15861410 1.31795800 -0.08884037 1.00000000

-0.02403473 -0.45712160 -0.88907930 0.00000000
-0.95132140 -0.26288010 0.16087760 0.00000000
0.30726190 -0.84966700 0.42855140 0.00000000
-0.03488588 1.35214800 -0.10976400 1.00000000

0.93752680 -0.08996203 -0.33608080 0.00000000
-0.06415814 0.90471910 -0.42114990 0.00000000
-0.34194610 -0.41640160 -0.84242650 0.00000000
0.03022199 1.22803200 -0.07761509 1.00000000

0.96350570 -0.07894263 -0.25578280 0.00000000
-0.01899463 0.93295560 -0.35949020 0.00000000
-0.26701300 -0.35122930 -0.89740850 0.00000000
0.03270109 1.10626600 -0.03069595 1.00000000

-0.99593070 0.07706188 -0.04672671 0.00000000
-0.08621332 -0.96570910 0.24489440 0.00000000
0.02625239 -0.24792630 -0.96842310 0.00000000
-0.01613948 0.68805040 -0.34479600 1.00000000

-0.97895180 0.20009500 0.04019176 0.00000000
-0.19320030 -0.84509060 -0.49849320 0.00000000
0.06578030 0.49576600 -0.86596140 0.00000000
-0.05249885 0.28077470 -0.24151490 1.00000000

-0.97878060 0.15144330 0.13803400 0.00000000
-0.19778260 -0.52209120 -0.82964000 0.00000000
0.05357710 0.83933650 -0.54096570 0.00000000
-0.08376308 0.14401980 -0.32218250 1.00000000

0.98191150 -0.08003274 -0.17159380 0.00000000
0.02645133 0.95536880 -0.29422920 0.00000000
-0.18748330 -0.28436820 -0.94020460 0.00000000
0.02968030 0.99716190 0.00290543 1.00000000

0.53116970 -0.32208500 -0.78365810 0.00000000
0.00462779 -0.92380950 0.38282430 0.00000000
0.84725280 0.20697120 0.48920890 0.00000000
-0.31389100 1.30231600 0.11359420 1.00000000

-0.12841010 -0.48955540 -0.86246510 0.00000000
0.01722199 -0.87063480 0.49162850 0.00000000
0.99157170 -0.04827669 -0.12022940 0.00000000
-0.31280800 1.08610700 0.20319080 1.00000000

-0.05371617 -0.05068308 -0.99726930 0.00000000
0.30706630 -0.95115670 0.03179987 0.00000000
0.95017100 0.30451940 -0.06665560 0.00000000
-0.30402960 1.03722700 0.19637880 1.00000000

0.07936467 -0.52280630 -0.84874910 0.00000000
0.58220750 0.71543510 -0.38624760 0.00000000
-0.80915760 0.46349360 -0.36116200 0.00000000
-0.28099490 0.97022080 0.25583870 1.00000000

0.09969656 -0.42552030 -0.89944040 0.00000000
-0.22839890 0.87002090 -0.43691860 0.00000000
-0.96844970 -0.24899040 0.01045020 0.00000000
-0.26258390 0.99278290 0.24354510 1.00000000

-0.05110759 -0.57354060 -0.81758120 0.00000000
0.99455610 -0.10366710 0.01055297 0.00000000
0.09080887 0.81259110 -0.57571660 0.00000000
-0.31513470 0.97372180 0.25539520 1.00000000

0.08952336 -0.39091950 -0.91606090 0.00000000
-0.20377670 0.89310880 -0.40103930 0.00000000
-0.97491600 -0.22257400 -0.00029376 0.00000000
-0.26282030 0.98438770 0.22014050 1.00000000

0.06730352 -0.49309520 -0.86736800 0.00000000
0.60342680 0.71244050 -0.35819670 0.00000000
-0.79457330 0.49928530 -0.34549650 0.00000000
-0.28141670 0.96247070 0.23123590 1.00000000

-0.06463070 -0.53936920 -0.83958540 0.00000000
0.99151890 -0.12977270 0.00704248 0.00000000
0.11275370 0.83200960 -0.54318210 0.00000000
-0.31413580 0.96662640 0.23080950 1.00000000

0.12499350 -0.70876120 -0.69428690 0.00000000
0.97403120 0.22081140 -0.05005874 0.00000000
-0.18878620 0.67000000 -0.71795550 0.00000000
-0.30784550 1.00539800 0.28590930 1.00000000

-0.04118267 -0.58414880 -0.81060110 0.00000000
0.99451540 -0.10203110 0.02300090 0.00000000
0.09614231 0.80520790 -0.58514690 0.00000000
-0.31177490 0.98356060 0.27593190 1.00000000

0.09430498 -0.52997620 -0.84275250 0.00000000
0.57145460 0.72199120 -0.39008750 0.00000000
-0.81519720 0.44480770 -0.37094470 0.00000000
-0.28466650 0.98074070 0.27650560 1.00000000

0.24096150 -0.61748020 -0.74876930 0.00000000
0.28934700 0.78212330 -0.55187120 0.00000000
-0.92639960 0.08367445 -0.36712760 0.00000000
-0.28122020 1.01149600 0.28459880 1.00000000

0.22280280 -0.51864730 -0.82544770 0.00000000
-0.52833180 0.64735890 -0.54935630 0.00000000
-0.81928320 -0.55850840 0.12978460 0.00000000
-0.27486500 1.02863800 0.27246920 1.00000000

0.11851670 -0.42407880 -0.89783680 0.00000000
-0.22410430 0.86945530 -0.44025550 0.00000000
-0.96733190 -0.25338660 -0.00800710 0.00000000
-0.26969590 0.99967710 0.26631290 1.00000000

0.09848674 -0.37320820 -0.92250530 0.00000000
0.28774740 -0.87673260 0.38541050 0.00000000
0.95262900 0.30340630 -0.02104315 0.00000000
-0.29199670 0.99907450 0.19360450 1.00000000

0.00506788 -0.46048750 -0.88765190 0.00000000
0.04060572 -0.88683620 0.46029620 0.00000000
0.99916240 0.03837638 -0.01420402 0.00000000
-0.28160130 0.96737370 0.20713480 1.00000000

0.57548830 0.37934470 0.72450720 0.00000000
0.81234070 -0.36744440 -0.45286570 0.00000000
-0.09442389 -0.84916560 0.51961710 0.00000000
0.08005257 1.34079700 -0.15149210 1.00000000

0.62720260 -0.37601780 0.68207570 0.00000000
0.06096926 -0.84934960 -0.52429750 0.00000000
-0.77646610 -0.37042640 0.50978880 0.00000000
0.18570510 1.29300800 -0.21039150 1.00000000

-0.95009650 -0.10628370 -0.29329230 0.00000000
-0.11923090 -0.74507300 0.65623960 0.00000000
0.28827170 -0.65846040 -0.69521890 0.00000000
0.02979033 0.50496220 0.31982600 1.00000000

-0.92827420 -0.01990069 -0.37136380 0.00000000
0.34913880 -0.39058610 -0.85178920 0.00000000
0.12809840 0.92035130 -0.36951910 0.00000000
-0.00213559 0.03024310 0.61557130 1.00000000

-0.97646580 -0.13191460 -0.17062510 0.00000000
0.11294420 -0.98674640 0.11651250 0.00000000
0.18373340 -0.09449933 -0.97842340 0.00000000
-0.02050087 0.19069280 0.59662570 1.00000000

-0.31533560 -0.71953030 -0.61874000 0.00000000
-0.64196370 0.64191830 -0.41931290 0.00000000
-0.69888890 -0.26498460 0.66433220 0.00000000
0.20129550 1.07582000 -0.34446000 1.00000000

-0.84308140 -0.13328180 -0.52100800 0.00000000
-0.02037542 0.97602310 -0.21671060 0.00000000
-0.53739950 0.17208890 0.82558290 0.00000000
0.05106501 1.22604000 -0.44258630 1.00000000

-0.81709310 -0.20121140 -0.54025200 0.00000000
-0.57648120 0.27657740 0.76887870 0.00000000
0.00528553 -0.93969090 0.34198420 0.00000000
0.05755494 1.34573100 -0.46600240 1.00000000

-0.69146970 0.39508900 -0.60479270 0.00000000
0.22082040 0.91271840 0.34377780 0.00000000
-0.68782840 -0.10416150 0.71836100 0.00000000
0.06804936 1.27154200 -0.42633500 1.00000000

-0.74917130 -0.10095070 -0.65463810 0.00000000
0.11340500 -0.99327370 0.02338988 0.00000000
0.65259610 0.05671643 -0.75558060 0.00000000
0.02583833 1.33311900 -0.41896990 1.00000000

-0.75856850 -0.17564850 -0.62747220 0.00000000
-0.36055290 -0.68897050 0.62874600 0.00000000
0.54274810 -0.70318390 -0.45930090 0.00000000
0.03736594 1.35532100 -0.43933880 1.00000000

-0.75396580 -0.14575330 -0.64053990 0.00000000
-0.39878350 -0.67329950 0.62260700 0.00000000
0.52202210 -0.72486100 -0.44952080 0.00000000
0.06086631 1.36057600 -0.42700540 1.00000000

-0.74037770 -0.06948940 -0.66858940 0.00000000
0.07213299 -0.99711190 0.02375597 0.00000000
0.66830940 0.03063901 -0.74325220 0.00000000
0.04952663 1.34135600 -0.40918110 1.00000000

-0.81325790 -0.16781810 -0.55717890 0.00000000
-0.58065880 0.29662550 0.75818770 0.00000000
-0.03803594 -0.94013320 0.33867830 0.00000000
0.07906427 1.35134900 -0.45057510 1.00000000

-0.76516250 -0.22735810 -0.60235760 0.00000000
-0.64155500 0.19053820 0.74303600 0.00000000
0.05416304 -0.95498870 0.29165530 0.00000000
0.03911720 1.34403400 -0.47678790 1.00000000

-0.70001100 -0.18869960 -0.68875030 0.00000000
-0.33993790 -0.76013240 0.55375190 0.00000000
0.62803410 -0.62176470 -0.46795500 0.00000000
0.02098683 1.34940200 -0.45584480 1.00000000

-0.69298490 -0.10784050 -0.71284090 0.00000000
0.17997520 -0.98332210 -0.02620248 0.00000000
0.69812660 0.14645170 -0.70083600 0.00000000
0.01190490 1.32898700 -0.44090790 1.00000000

-0.68157560 -0.39906410 -0.61335310 0.00000000
-0.69345370 0.08464760 0.71551130 0.00000000
0.23361590 -0.91300730 0.33442630 0.00000000
0.02153228 1.33063900 -0.48528450 1.00000000

-0.61867990 -0.34944250 -0.70365130 0.00000000
-0.20189500 -0.79484280 0.57224390 0.00000000
0.75925860 -0.49609940 -0.42120250 0.00000000
0.00316708 1.33284200 -0.46644110 1.00000000

-0.62929190 -0.26131470 -0.73191940 0.00000000
0.38327510 -0.92363410 0.00022839 0.00000000
0.67608560 0.28038290 -0.68139080 0.00000000
-0.00113727 1.31578000 -0.45410420 1.00000000

-0.69731150 0.01693015 -0.71656810 0.00000000
-0.04733419 0.99645100 0.06960499 0.00000000
-0.71520350 -0.08245462 0.69403550 0.00000000
0.08000960 1.30704100 -0.40973590 1.00000000

-0.76756220 -0.00862029 -0.64091650 0.00000000
0.09359019 0.98768600 -0.12536790 0.00000000
-0.63410500 0.15621090 0.75730370 0.00000000
0.07859299 1.34221300 -0.40701700 1.00000000

1.00000000 0.00000000 0.00000000 0.00000000
0.00000000 1.00000000 0.00000000 0.00000000
0.00000000 0.00000000 -1.00000000 0.00000000
0.00000000 0.00000000 0.00000000 1.00000000

0.98708360 -0.15930860 0.01693600 0.00000000
0.15584590 0.93034090 -0.33193060 0.00000000
-0.03712316 -0.33028270 -0.94315180 0.00000000
0.01246322 0.92692280 0.01159997 1.00000000

-0.98558640 0.02545217 -0.16724690 0.00000000
-0.12706130 -0.76407280 0.63249360 0.00000000
0.11169050 -0.64462770 -0.75629380 0.00000000
0.08406149 0.86627600 0.03799056 1.00000000

-0.99453540 -0.03371072 -0.09880798 0.00000000
0.09792510 -0.62934270 -0.77093350 0.00000000
0.03619536 0.77639630 -0.62920480 0.00000000
-0.07549579 0.89130150 0.03321803 1.00000000

0.95595140 0.01771940 -0.29298960 0.00000000
-0.18182740 0.81934370 -0.54370470 0.00000000
-0.23042500 -0.57302880 -0.78647450 0.00000000
-0.01155788 1.43114400 -0.19928530 1.00000000

0.94329990 -0.02210616 -0.33120460 0.00000000
-0.16392780 0.83659570 -0.52271930 0.00000000
-0.28863960 -0.54737470 -0.78553680 0.00000000
0.00515083 1.38571800 -0.14866550 1.00000000

0.07880171 -0.97332310 -0.21548220 0.00000000
-0.49901840 -0.22563710 0.83670110 0.00000000
0.86300110 -0.04159607 0.50348660 0.00000000
-0.16776390 1.33256700 -0.08470280 1.00000000

-0.08814853 -0.43870610 -0.89429680 0.00000000
-0.91107150 -0.32745790 0.25043960 0.00000000
0.40271400 -0.83684430 0.37082780 0.00000000
-0.04927059 1.37515600 -0.11727480 1.00000000

0.92759930 -0.06131303 -0.36851100 0.00000000
-0.10071200 0.90887480 -0.40472670 0.00000000
-0.35974530 -0.41253780 -0.83689660 0.00000000
0.01993841 1.25226700 -0.08923938 1.00000000

0.95266260 -0.05685920 -0.29866520 0.00000000
-0.05459900 0.93438990 -0.35204330 0.00000000
-0.29908670 -0.35168530 -0.88705400 0.00000000
0.02706444 1.13031500 -0.04329219 1.00000000

-0.99553070 -0.07202511 0.06108381 0.00000000
0.06554401 -0.99260460 -0.10217750 0.00000000
-0.06799141 0.09771706 -0.99288900 0.00000000
-0.03359381 0.62200680 -0.29666310 1.00000000

-0.99777030 -0.01899478 0.06398249 0.00000000
-0.04043686 -0.59062630 -0.80593140 0.00000000
-0.05309822 0.80672160 -0.58854120 0.00000000
-0.00595144 0.20338830 -0.33975520 1.00000000

-0.98529140 -0.10643180 0.13369130 0.00000000
-0.12019880 -0.12444040 -0.98491980 0.00000000
-0.12146340 0.98650240 -0.10981700 0.00000000
-0.01249505 0.10781150 -0.47017320 1.00000000

0.97205310 -0.06140092 -0.22658910 0.00000000
-0.00858910 0.95524310 -0.29569750 0.00000000
-0.23460380 -0.28937990 -0.92801960 0.00000000
0.02804533 1.02122500 -0.00952313 1.00000000

0.38351100 -0.27076980 -0.88295130 0.00000000
-0.10062420 -0.96261420 0.25149350 0.00000000
0.91803820 0.00760426 0.39641910 0.00000000
-0.29531690 1.27489300 0.12916450 1.00000000

-0.29566030 -0.22777130 -0.92774220 0.00000000
-0.20492080 -0.93343080 0.29447370 0.00000000
0.93305540 -0.27717790 -0.22930320 0.00000000
-0.31886710 1.04960200 0.18802430 1.00000000

-0.10759910 0.19504290 -0.97487480 0.00000000
0.03148241 -0.97940750 -0.19942430 0.00000000
0.99369570 0.05214934 -0.09924289 0.00000000
-0.32432350 1.00303800 0.17028460 1.00000000

-0.10494410 -0.31645720 -0.94278420 0.00000000
0.74142130 0.60692260 -0.28625090 0.00000000
-0.66278310 0.72904060 -0.17093520 0.00000000
-0.31835220 0.92056330 0.21173630 1.00000000

-0.06050958 -0.21895060 -0.97385790 0.00000000
0.00440069 0.97557800 -0.21961070 0.00000000
-0.99815800 0.01757421 0.05806831 0.00000000
-0.29492700 0.93971610 0.20259410 1.00000000

-0.24294730 -0.33702490 -0.90961040 0.00000000
0.92601720 -0.35985730 -0.11399650 0.00000000
0.28891030 0.87000990 -0.39951730 0.00000000
-0.35015880 0.93288060 0.21555850 1.00000000

-0.06134862 -0.18003970 -0.98174450 0.00000000
0.03595920 0.98256040 -0.18243640 0.00000000
-0.99746880 0.04649509 0.05380455 0.00000000
-0.29847330 0.93726940 0.17810440 1.00000000

-0.10903880 -0.28117890 -0.95344070 0.00000000
0.76213140 0.59213530 -0.26178650 0.00000000
-0.63817460 0.75519190 -0.14972950 0.00000000
-0.32194750 0.91904470 0.18623510 1.00000000

-0.24734680 -0.29640660 -0.92247640 0.00000000
0.91569450 -0.38273380 -0.12254990 0.00000000
0.31673820 0.87501910 -0.36608590 0.00000000
-0.35220790 0.93160030 0.19006410 1.00000000

-0.10637470 -0.53813390 -0.83611980 0.00000000
0.99401100 -0.03637880 -0.10304860 0.00000000
-0.02503693 0.84207420 -0.53878070 0.00000000
-0.33307060 0.95368020 0.25109720 1.00000000

-0.23607960 -0.35116740 -0.90606210 0.00000000
0.92695680 -0.36116490 -0.10154520 0.00000000
0.29157830 0.86385290 -0.41078050 0.00000000
-0.34333430 0.93652040 0.23723850 1.00000000

-0.09234861 -0.32846280 -0.93999150 0.00000000
0.73276430 0.61676310 -0.28750640 0.00000000
-0.67418730 0.71534330 -0.18372870 0.00000000
-0.31808060 0.92665180 0.23441060 1.00000000

0.02800544 -0.47041370 -0.88200170 0.00000000
0.47196290 0.78402940 -0.40317450 0.00000000
-0.88117380 0.40498090 -0.24397470 0.00000000
-0.30587940 0.95273060 0.24834970 1.00000000

0.03484020 -0.35543030 -0.93405340 0.00000000
-0.35007800 0.87106400 -0.34451920 0.00000000
-0.93607270 -0.33899460 0.09408026 0.00000000
-0.29552400 0.96991830 0.23947860 1.00000000

-0.04198096 -0.22289090 -0.97393910 0.00000000
0.00822419 0.97468850 -0.22341700 0.00000000
-0.99908480 0.01738916 0.03908534 0.00000000
-0.29887670 0.94282390 0.22690920 1.00000000

-0.04809267 -0.16430300 -0.98523680 0.00000000
0.04851826 -0.98559820 0.16199500 0.00000000
0.99766390 0.04001120 -0.05537165 0.00000000
-0.32350370 0.96475410 0.15837620 1.00000000

-0.16054660 -0.22967430 -0.95993470 0.00000000
-0.18830520 -0.94756030 0.25820710 0.00000000
0.96889940 -0.22221490 -0.10887880 0.00000000
-0.32177500 0.92921220 0.16384030 1.00000000

0.58483550 0.39332080 0.70941270 0.00000000
0.80895730 -0.34710480 -0.47445370 0.00000000
-0.05962800 -0.85136200 0.52117900 0.00000000
0.06444103 1.36732500 -0.16298350 1.00000000

0.67739960 -0.10492680 0.72809350 0.00000000
0.25117590 -0.89729760 -0.36299870 0.00000000
-0.69140470 -0.42877470 0.58147390 0.00000000
0.16965340 1.32218100 -0.22469060 1.00000000

-0.97062860 -0.06408870 -0.23188900 0.00000000
-0.16270000 -0.53516850 0.82892900 0.00000000
0.17722470 -0.84231080 -0.50902280 0.00000000
0.02970986 0.53943700 0.30854540 1.00000000

-0.95402040 -0.13938070 -0.26536380 0.00000000
0.11169380 -0.98685650 0.11678530 0.00000000
0.27815360 -0.08177617 -0.95704930 0.00000000
-0.04969355 0.18984920 0.76298960 1.00000000

-0.98249330 -0.06289658 -0.17535950 0.00000000
-0.06627769 -0.76169590 0.64453590 0.00000000
0.17410970 -0.64487480 -0.74419270 0.00000000
-0.03891648 0.31370460 0.65818510 1.00000000

-0.27398090 -0.79045530 -0.54782780 0.00000000
-0.73113050 0.54125670 -0.41531880 0.00000000
-0.62480620 -0.28674420 0.72621980 0.00000000
0.23388180 1.09273200 -0.31751320 1.00000000

-0.72868170 -0.30235770 -0.61449400 0.00000000
-0.11547100 0.93866120 -0.32493360 0.00000000
-0.67504780 0.16581700 0.71889880 0.00000000
0.06278474 1.21939600 -0.41470490 1.00000000

-0.69134000 -0.36720720 -0.62226050 0.00000000
-0.71843820 0.25784420 0.64603660 0.00000000
0.07678306 -0.89368660 0.44207360 0.00000000
0.05694607 1.33611100 -0.45019920 1.00000000

-0.63700840 0.23269450 -0.73489710 0.00000000
0.04356124 0.96269390 0.26706430 0.00000000
-0.76962510 -0.13810910 0.62338050 0.00000000
0.07094474 1.26818500 -0.40143720 1.00000000

-0.62056310 -0.26889900 -0.73661020 0.00000000
0.23837020 -0.95960130 0.14948470 0.00000000
0.74704840 0.08282118 -0.65959070 0.00000000
0.02036366 1.32331700 -0.40689680 1.00000000

-0.62407240 -0.34138150 -0.70284590 0.00000000
-0.35834400 -0.67429180 0.64569380 0.00000000
0.69435110 -0.65482040 -0.29847510 0.00000000
0.03183839 1.34502300 -0.42782280 1.00000000

-0.62150820 -0.31244920 -0.71840320 0.00000000
-0.39691700 -0.66502240 0.63261550 0.00000000
0.67541410 -0.67832240 -0.28930050 0.00000000
0.05228120 1.35476900 -0.41302050 1.00000000

-0.61396590 -0.23788980 -0.75263170 0.00000000
0.19839570 -0.96940240 0.14456300 0.00000000
0.76399280 0.06056198 -0.64237620 0.00000000
0.04098613 1.33579600 -0.39490510 1.00000000

-0.68939950 -0.33529310 -0.64211140 0.00000000
-0.72353940 0.27600560 0.63270200 0.00000000
0.03491424 -0.90077740 0.43287590 0.00000000
0.07491864 1.34620400 -0.43266810 1.00000000

-0.62755150 -0.39099640 -0.67327650 0.00000000
-0.76689510 0.16119970 0.62119780 0.00000000
0.13435410 -0.90616610 0.40101420 0.00000000
0.04075681 1.33075400 -0.46317470 1.00000000

-0.55564490 -0.35122440 -0.75359140 0.00000000
-0.31733010 -0.74818700 0.58268210 0.00000000
0.76847930 -0.56290170 -0.30427230 0.00000000
0.01909494 1.33528800 -0.44567190 1.00000000

-0.55573920 -0.27274110 -0.78534480 0.00000000
0.30983150 -0.94454820 0.10878210 0.00000000
0.77146510 0.18287010 -0.60942610 0.00000000
0.01060936 1.31520600 -0.42995260 1.00000000

-0.52138070 -0.54886560 -0.65338250 0.00000000
-0.79957560 0.04678136 0.59874050 0.00000000
0.29806180 -0.83460060 0.46325040 0.00000000
0.02659483 1.31420700 -0.47247500 1.00000000

-0.45253170 -0.49898140 -0.73907580 0.00000000
-0.18037180 -0.76044580 0.62384960 0.00000000
0.87331610 -0.41562020 -0.25412370 0.00000000
0.00544040 1.31539800 -0.45671820 1.00000000

-0.47022200 -0.41630550 -0.77819080 0.00000000
0.49705760 -0.85353140 0.15626280 0.00000000
0.72926320 0.31332760 -0.60827700 0.00000000
0.00158939 1.29908400 -0.44327030 1.00000000

-0.57584670 -0.15081720 -0.80352650 0.00000000
-0.18826920 0.98088550 -0.04918342 0.00000000
-0.79558480 -0.12295720 0.59323380 0.00000000
0.07544880 1.30641600 -0.38740650 1.00000000

-0.65283540 -0.17940320 -0.73594880 0.00000000
-0.01932479 0.97517810 -0.22057790 0.00000000
-0.75725320 0.12977910 0.64009760 0.00000000
0.06901228 1.34110000 -0.38884960 1.00000000

1.00000000 0.00000000 0.00000000 0.00000000
0.00000000 1.00000000 0.00000000 0.00000000
0.00000000 0.00000000 -1.00000000 0.00000000
0.00000000 0.00000000 0.00000000 1.00000000

0.99617750 -0.07187187 -0.04964746 0.00000000
0.05368698 0.95209250 -0.30106080 0.00000000
-0.06890678 -0.29724460 -0.95231170 0.00000000
0.01749580 0.94104770 -0.00221170 1.00000000

-0.97831210 0.04712367 -0.20170520 0.00000000
-0.12585040 -0.90866280 0.39811270 0.00000000
0.16452150 -0.41486300 -0.89488620 0.00000000
0.09558664 0.88604070 0.01720130 1.00000000

-0.98532100 -0.12663040 0.11448750 0.00000000
0.03813982 -0.81698670 -0.57539390 0.00000000
-0.16639710 0.56258110 -0.80982380 0.00000000
-0.06550851 0.89701090 0.02316649 1.00000000

0.97770770 0.04382753 -0.20534610 0.00000000
-0.14441320 0.85029300 -0.50610940 0.00000000
-0.15242280 -0.52448150 -0.83766700 0.00000000
-0.02401884 1.44946900 -0.20518870 1.00000000

0.96948160 0.02543090 -0.24384190 0.00000000
-0.14824820 0.85297550 -0.50045510 0.00000000
-0.19526410 -0.52133100 -0.83071400 0.00000000
-0.01020535 1.40242900 -0.15517420 1.00000000

0.10154910 -0.83161440 -0.54599000 0.00000000
-0.38952120 -0.53824570 0.74737180 0.00000000
0.91540240 -0.13677970 0.37858970 0.00000000
-0.17215560 1.32176300 -0.09169184 1.00000000

