MeshAnim
1
17
53
30
-0.33300180 -0.11257890 0.93618160 0.00000000
-0.17103340 0.98358930 0.05744288 0.00000000
-0.92728500 -0.14098970 -0.34679170 0.00000000
-0.01292171 0.39226350 -0.00171735 1.00000000

0.15678670 0.04367328 -0.98666670 0.00000000
-0.19652690 -0.97766380 -0.07450397 0.00000000
-0.96788180 0.20558780 -0.14470160 0.00000000
-0.02361135 0.33109190 0.07341306 1.00000000

0.21852100 -0.06886070 -0.97339980 0.00000000
-0.25344010 -0.96728230 0.01153256 0.00000000
-0.94234640 0.24417830 -0.22882360 0.00000000
0.02818773 0.34897620 -0.07858888 1.00000000

-0.75727810 0.01826877 0.65283700 0.00000000
-0.16094870 0.96355820 -0.21366120 0.00000000
-0.63294990 -0.26687420 -0.72674130 0.00000000
-0.12370330 0.93128680 -0.03302078 1.00000000

-0.65654930 -0.06968229 0.75105760 0.00000000
-0.27375360 0.94984380 -0.15118070 0.00000000
-0.70285270 -0.30486220 -0.64269510 0.00000000
-0.09144519 0.87346770 -0.01018618 1.00000000

-0.60551100 -0.69045960 -0.39575490 0.00000000
0.79292090 -0.56594100 -0.22580370 0.00000000
-0.06806573 -0.45052890 0.89016340 0.00000000
0.03718499 0.81250270 -0.13976770 1.00000000

-0.71626710 -0.28923450 -0.63506310 0.00000000
0.69568500 -0.36720420 -0.61740060 0.00000000
-0.05462424 -0.88402740 0.46423240 0.00000000
-0.05329537 0.86026100 -0.05946893 1.00000000

-0.53222190 -0.04324827 0.84549960 0.00000000
-0.21135310 0.97385990 -0.08322773 0.00000000
-0.81979860 -0.22299450 -0.52745030 0.00000000
-0.06041212 0.73047550 0.00203418 1.00000000

-0.48811750 -0.05413099 0.87109770 0.00000000
-0.18466630 0.98188350 -0.04246197 0.00000000
-0.85301800 -0.18158880 -0.48927070 0.00000000
-0.03631026 0.60232430 0.00757614 1.00000000

0.20808840 -0.00782873 -0.97807890 0.00000000
0.44434950 -0.89006670 0.10166060 0.00000000
-0.87135120 -0.45576310 -0.18173380 0.00000000
-0.08025885 -0.06492224 -0.07365412 1.00000000

0.23807920 0.08176696 -0.96779790 0.00000000
-0.78999590 -0.56335880 -0.24193660 0.00000000
-0.56499970 0.82215640 -0.06952840 0.00000000
0.10714000 -0.44029680 -0.03078006 1.00000000

0.30247960 -0.01890017 -0.95296860 0.00000000
-0.95272140 0.02418360 -0.30288090 0.00000000
0.02877072 0.99952880 -0.01069157 0.00000000
-0.02069938 -0.53146100 -0.06993092 1.00000000

-0.44323730 -0.06656814 0.89392930 0.00000000
-0.15510330 0.98789260 -0.00333965 0.00000000
-0.88288370 -0.14013160 -0.44819580 0.00000000
-0.01859725 0.48950560 0.00795753 1.00000000

-0.97128460 0.23537110 -0.03473769 0.00000000
-0.20764490 -0.90987840 -0.35917230 0.00000000
-0.11614580 -0.34164540 0.93262460 0.00000000
0.23986180 0.66784360 -0.19748480 1.00000000

-0.86748260 -0.26899380 0.41846890 0.00000000
0.12681500 -0.93298270 -0.33683970 0.00000000
0.48103220 -0.23913430 0.84345890 0.00000000
0.19126440 0.45489490 -0.28154590 1.00000000

-0.79271260 0.22809700 0.56531300 0.00000000
0.01111372 -0.92179530 0.38751750 0.00000000
0.60949440 0.31347280 0.72818370 0.00000000
0.17709500 0.40761860 -0.27278000 1.00000000

-0.80552700 -0.41067420 0.42716860 0.00000000
0.59039400 -0.61780370 0.51937810 0.00000000
0.05061127 0.67057090 0.74011710 0.00000000
0.21016870 0.30635010 -0.31856450 1.00000000

-0.77660490 -0.43316410 0.45744250 0.00000000
0.61125490 -0.34234220 0.71356120 0.00000000
-0.15248740 0.83376870 0.53063840 0.00000000
0.22875020 0.28678080 -0.30210470 1.00000000

-0.85369100 -0.33246160 0.40085030 0.00000000
0.39652790 -0.91394130 0.08647061 0.00000000
0.33760530 0.23276740 0.91205380 0.00000000
0.19647450 0.33768480 -0.32149240 1.00000000

-0.84431820 -0.32594240 0.42530970 0.00000000
0.48044680 -0.81194940 0.33152560 0.00000000
0.23727160 0.48425170 0.84214170 0.00000000
0.19550650 0.27546580 -0.30490050 1.00000000

-0.85802380 -0.29867560 0.41783750 0.00000000
0.38627760 -0.91143130 0.14171290 0.00000000
0.33850400 0.28299420 0.89740160 0.00000000
0.18366360 0.30356780 -0.30929520 1.00000000

-0.87649110 -0.23740970 0.41880770 0.00000000
0.21122810 -0.97138620 -0.10858700 0.00000000
0.43260380 -0.00671157 0.90155920 0.00000000
0.17649390 0.33555300 -0.30561690 1.00000000

-0.75531950 -0.48059370 0.44555840 0.00000000
0.64166020 -0.68059410 0.35364390 0.00000000
0.13328540 0.55301090 0.82244400 0.00000000
0.23296590 0.36031890 -0.33348010 1.00000000

-0.80614730 -0.42672770 0.40991470 0.00000000
0.54722270 -0.80120450 0.24211320 0.00000000
0.22510890 0.41949330 0.87940390 0.00000000
0.21677980 0.34228660 -0.33130880 1.00000000

-0.74380840 -0.48278590 0.46224100 0.00000000
0.64405750 -0.33278640 0.68879850 0.00000000
-0.17871480 0.81004370 0.55847110 0.00000000
0.23164430 0.32041730 -0.32468160 1.00000000

-0.65864400 -0.53030490 0.53382090 0.00000000
0.56288930 0.12355040 0.81724610 0.00000000
-0.49934350 0.83875600 0.21712730 0.00000000
0.25057630 0.34174770 -0.32384690 1.00000000

-0.61945550 -0.50139510 0.60405110 0.00000000
0.33239260 0.52956270 0.78043500 0.00000000
-0.71118930 0.68422680 -0.16138050 0.00000000
0.26290680 0.34444300 -0.30590140 1.00000000

-0.69905770 -0.48548120 0.52500100 0.00000000
0.52212450 0.15509600 0.83864840 0.00000000
-0.48857390 0.86037960 0.14506040 0.00000000
0.24854590 0.31171380 -0.30664880 1.00000000

-0.80619350 -0.06375183 0.58820750 0.00000000
0.14895620 -0.98402460 0.09750642 0.00000000
0.57259460 0.16622620 0.80281030 0.00000000
0.17432470 0.37176750 -0.25502780 1.00000000

-0.82010540 -0.17544950 0.54465070 0.00000000
0.23035100 -0.97252830 0.03356718 0.00000000
0.52379910 0.15298940 0.83799100 0.00000000
0.17938620 0.33631960 -0.25129820 1.00000000

0.58187760 0.21299250 0.78489020 0.00000000
-0.54470860 -0.61458320 0.57059620 0.00000000
0.60391310 -0.75955360 -0.24159330 0.00000000
-0.11911190 0.85475310 0.04406262 1.00000000

0.36759350 0.59568320 0.71416850 0.00000000
-0.04426102 -0.75585790 0.65323790 0.00000000
0.92893290 -0.27173570 -0.25148270 0.00000000
-0.18995640 0.77482090 0.11827400 1.00000000

0.14341280 -0.12854260 -0.98127980 0.00000000
0.98685920 -0.05601003 0.15156530 0.00000000
-0.07444414 -0.99012120 0.11882090 0.00000000
-0.10767750 -0.08711258 0.04154332 1.00000000

-0.08715799 -0.32121310 -0.94298790 0.00000000
-0.11896830 -0.93645970 0.32998540 0.00000000
-0.98906540 0.14094650 0.04340583 0.00000000
0.40124930 -0.23913750 0.14242600 1.00000000

0.02466980 -0.26000130 -0.96529330 0.00000000
0.56992630 -0.78964500 0.22725600 0.00000000
-0.82132570 -0.55575230 0.12870120 0.00000000
0.30857660 -0.11073740 0.10547310 1.00000000

0.19253280 -0.40994480 0.89155870 0.00000000
-0.25298770 -0.89857990 -0.35854040 0.00000000
0.94811850 -0.15652250 -0.27671700 0.00000000
-0.20127440 0.58153990 0.28531390 1.00000000

-0.07114820 -0.56955610 0.81886770 0.00000000
-0.84412680 -0.40298140 -0.35363300 0.00000000
0.53140220 -0.71638830 -0.45210600 0.00000000
-0.26047780 0.37125680 0.20140930 1.00000000

-0.04256272 -0.55553160 0.83040550 0.00000000
-0.68394550 -0.58967260 -0.42954020 0.00000000
0.72829060 -0.58623450 -0.35485530 0.00000000
-0.36378630 0.32903380 0.15180070 1.00000000

-0.47228290 -0.63546450 0.61084650 0.00000000
-0.38415580 -0.47533470 -0.79150580 0.00000000
0.79333070 -0.60847500 -0.01962490 0.00000000
-0.28620820 0.36266820 0.15796730 1.00000000

-0.00156266 -0.50320740 0.86416450 0.00000000
-0.30431890 -0.82293880 -0.47975180 0.00000000
0.95256890 -0.26373110 -0.15184930 0.00000000
-0.40168400 0.28369350 0.12181660 1.00000000

-0.00716153 -0.51589540 0.85662170 0.00000000
-0.43695040 -0.76891960 -0.46673020 0.00000000
0.89945700 -0.37764380 -0.21991400 0.00000000
-0.38758910 0.30842800 0.13699030 1.00000000

-0.07483955 -0.57105520 0.81749330 0.00000000
-0.67592690 -0.57367800 -0.46261900 0.00000000
0.73315890 -0.58718780 -0.34305790 0.00000000
-0.38648420 0.32800420 0.11474550 1.00000000

-0.07508034 -0.57457920 0.81499820 0.00000000
-0.55898110 -0.65256890 -0.51156060 0.00000000
0.82577440 -0.49397660 -0.27218380 0.00000000
-0.40578400 0.31165730 0.10147870 1.00000000

-0.10380600 -0.59052770 0.80031350 0.00000000
-0.77960990 -0.45134880 -0.43415760 0.00000000
0.61760270 -0.66900030 -0.41352840 0.00000000
-0.36216820 0.34214460 0.12818490 1.00000000

0.01851577 -0.50579220 0.86245680 0.00000000
-0.59972440 -0.69581400 -0.39518850 0.00000000
0.79999260 -0.50991890 -0.31621930 0.00000000
-0.36582190 0.31591490 0.16862060 1.00000000

0.03920886 -0.46816410 0.88277140 0.00000000
-0.34293450 -0.83609690 -0.42817940 0.00000000
0.93854070 -0.28594430 -0.19333180 0.00000000
-0.38274300 0.29626330 0.15750200 1.00000000

0.03492954 -0.48539280 0.87359860 0.00000000
-0.21648560 -0.85705180 -0.46754300 0.00000000
0.97566090 -0.17279040 -0.13501690 0.00000000
-0.39196300 0.27382790 0.14592500 1.00000000

0.05572733 -0.47209170 0.87978640 0.00000000
-0.61489340 -0.71045730 -0.34228150 0.00000000
0.78663890 -0.52190040 -0.32987780 0.00000000
-0.35806980 0.30822180 0.18963450 1.00000000

0.08245292 -0.42953680 0.89927740 0.00000000
-0.26955350 -0.87832870 -0.39481600 0.00000000
0.95944910 -0.20984970 -0.18820380 0.00000000
-0.37430130 0.28942440 0.18066770 1.00000000

0.06830209 -0.47181330 0.87904920 0.00000000
-0.34041760 -0.83924920 -0.42400100 0.00000000
0.93779060 -0.27028360 -0.21793580 0.00000000
-0.38009880 0.27057270 0.17213270 1.00000000

-0.34836120 -0.56939070 0.74460670 0.00000000
-0.57391210 -0.49850730 -0.64970430 0.00000000
0.74112740 -0.65367040 -0.15311950 0.00000000
-0.29983840 0.34602180 0.12309830 1.00000000

-0.40110850 -0.66433600 0.63069000 0.00000000
-0.49023130 -0.42593020 -0.76043190 0.00000000
0.77381240 -0.61419980 -0.15483410 0.00000000
-0.31997280 0.32863030 0.09988932 1.00000000

-1.00000000 0.00000000 0.00000000 0.00000000
0.00000000 1.00000000 0.00000000 0.00000000
0.00000000 0.00000000 -1.00000000 0.00000000
0.00000000 -0.53900000 0.00000000 1.00000000

-0.30812180 -0.11673210 0.94415830 0.00000000
-0.18441060 0.98094830 0.06109906 0.00000000
-0.93330270 -0.15528680 -0.32377820 0.00000000
-0.00152002 0.40171730 -0.00060921 1.00000000

0.20097450 0.02398354 -0.97930320 0.00000000
-0.44813020 -0.88671080 -0.11368200 0.00000000
-0.87108490 0.46170250 -0.16745840 0.00000000
-0.00943187 0.34046040 0.07479504 1.00000000

0.25561110 -0.04344280 -0.96580330 0.00000000
-0.00429274 -0.99903110 0.04380134 0.00000000
-0.96677040 -0.00705017 -0.25554980 0.00000000
0.03833450 0.35898480 -0.07844596 1.00000000

-0.72741660 0.03544965 0.68528010 0.00000000
-0.17136620 0.95763680 -0.23144190 0.00000000
-0.66445400 -0.28578850 -0.69052600 0.00000000
-0.11490250 0.94061670 -0.02657100 1.00000000

-0.60780110 -0.05756764 0.79200020 0.00000000
-0.28125100 0.94832250 -0.14690900 0.00000000
-0.74261430 -0.31204220 -0.59258230 0.00000000
-0.08135639 0.88304140 -0.00501177 1.00000000

-0.79640810 -0.56350170 -0.21954530 0.00000000
0.60270640 -0.70966660 -0.36485340 0.00000000
0.04979157 -0.42289350 0.90481060 0.00000000
0.02860664 0.82078430 -0.15081870 1.00000000

-0.81099360 -0.28116080 -0.51306760 0.00000000
0.58496100 -0.37393460 -0.71971770 0.00000000
0.01050265 -0.88381080 0.46772670 0.00000000
-0.04747299 0.86941800 -0.05721265 1.00000000

-0.46138710 -0.03700075 0.88642720 0.00000000
-0.21044080 0.97518060 -0.06882942 0.00000000
-0.86187980 -0.21829740 -0.45772210 0.00000000
-0.05045729 0.73985530 0.00509448 1.00000000

-0.42859670 -0.05039364 0.90208950 0.00000000
-0.18466710 0.98225130 -0.03286649 0.00000000
-0.88442250 -0.18067270 -0.43029570 0.00000000
-0.02635532 0.61165610 0.00938408 1.00000000

0.21383120 0.02637360 -0.97651480 0.00000000
0.47263800 -0.87763700 0.07979223 0.00000000
-0.85492090 -0.47859990 -0.20013130 0.00000000
0.03649765 -0.06849897 -0.05970343 1.00000000

0.25834760 0.07757233 -0.96293270 0.00000000
-0.77522910 -0.57811710 -0.25456030 0.00000000
-0.57643460 0.81225840 -0.08921881 0.00000000
0.23582680 -0.43863130 -0.02605206 1.00000000

0.32375060 -0.02330762 -0.94585560 0.00000000
-0.94574990 0.02083070 -0.32422760 0.00000000
0.02725986 0.99951140 -0.01529923 0.00000000
0.11037710 -0.53218380 -0.06724572 1.00000000

-0.39577610 -0.06482853 0.91605610 0.00000000
-0.15701120 0.98759470 0.00205556 0.00000000
-0.90482540 -0.14301750 -0.40104520 0.00000000
-0.00842443 0.49887150 0.00914933 1.00000000

-0.89259340 0.41899390 0.16649660 0.00000000
-0.44960620 -0.85474210 -0.25936510 0.00000000
0.03363928 -0.30636540 0.95131960 0.00000000
0.18266310 0.63938790 -0.24407800 1.00000000

-0.78817860 0.00078466 0.61544620 0.00000000
-0.15186680 -0.96932410 -0.19325410 0.00000000
0.59641530 -0.24578460 0.76411970 0.00000000
0.07743693 0.43934320 -0.30478010 1.00000000

-0.59986190 0.48017590 0.63999780 0.00000000
-0.12639510 -0.84672000 0.51680710 0.00000000
0.79005710 0.22912000 0.56860700 0.00000000
0.05594439 0.39829400 -0.28565700 1.00000000

-0.76075340 -0.13274550 0.63532140 0.00000000
0.54975270 -0.65211160 0.52203700 0.00000000
0.34500220 0.74641070 0.56907340 0.00000000
0.05638748 0.28776910 -0.31757320 1.00000000

-0.73272350 -0.15568100 0.66248020 0.00000000
0.66373400 -0.37841090 0.64518450 0.00000000
0.15024680 0.91245190 0.38060150 0.00000000
0.07368880 0.26714310 -0.30100880 1.00000000

-0.79614270 -0.05267366 0.60281230 0.00000000
0.22198030 -0.95217460 0.20997160 0.00000000
0.56292270 0.30097970 0.76975940 0.00000000
0.04868962 0.32044400 -0.32472000 1.00000000

-0.77892600 -0.02916716 0.62643750 0.00000000
0.31527830 -0.88171350 0.35097090 0.00000000
0.54210170 0.47088230 0.69598540 0.00000000
0.03707236 0.26261670 -0.29718360 1.00000000

-0.78572710 -0.00353593 0.61856340 0.00000000
0.17706870 -0.95942380 0.21943630 0.00000000
0.59268870 0.28194500 0.75447170 0.00000000
0.03167033 0.29217720 -0.30398680 1.00000000

-0.78870390 0.05634508 0.61218600 0.00000000
-0.03956229 -0.99837860 0.04092049 0.00000000
0.61349920 0.00805473 0.78965450 0.00000000
0.03279295 0.32512060 -0.30519490 1.00000000

-0.73416690 -0.20721540 0.64657650 0.00000000
0.53804220 -0.75840500 0.36787540 0.00000000
0.41413770 0.61796720 0.66828670 0.00000000
0.08549424 0.33198090 -0.34707950 1.00000000

-0.76575390 -0.16378400 0.62192930 0.00000000
0.41184380 -0.86762190 0.27859800 0.00000000
0.49396960 0.46947510 0.73183830 0.00000000
0.06677625 0.31879120 -0.33886160 1.00000000

-0.70739850 -0.22482460 0.67010560 0.00000000
0.69555970 -0.38994320 0.60344100 0.00000000
0.12563480 0.89297160 0.43222430 0.00000000
0.07795289 0.29512850 -0.33122590 1.00000000

-0.63481660 -0.26574470 0.72552590 0.00000000
0.73104210 0.09745187 0.67533770 0.00000000
-0.25017130 0.95910500 0.13240640 0.00000000
0.10026940 0.31125900 -0.33707400 1.00000000

-0.57696620 -0.23775620 0.78139780 0.00000000
0.59266970 0.53641900 0.60083040 0.00000000
-0.56200790 0.80976940 -0.16858470 0.00000000
0.11628970 0.31338940 -0.32223630 1.00000000

-0.65261990 -0.23069190 0.72171240 0.00000000
0.71787290 0.11644050 0.68636760 0.00000000
-0.24237600 0.96603460 0.08961603 0.00000000
0.09620287 0.28491850 -0.31543680 1.00000000

-0.68138300 0.19902230 0.70434910 0.00000000
-0.05455232 -0.97345370 0.22228760 0.00000000
0.72989140 0.11303910 0.67415210 0.00000000
0.04846983 0.36646010 -0.26244390 1.00000000

-0.72431720 0.10691460 0.68112730 0.00000000
-0.00012749 -0.98792430 0.15493610 0.00000000
0.68946710 0.11213590 0.71558430 0.00000000
0.04625180 0.33149100 -0.25417910 1.00000000

0.67823610 0.22670480 0.69899990 0.00000000
-0.50186340 -0.55193160 0.66596200 0.00000000
0.53677690 -0.80248170 -0.26056490 0.00000000
-0.10461510 0.86468000 0.05138416 1.00000000

0.38957710 0.76252750 0.51650910 0.00000000
0.07978392 -0.58665040 0.80590090 0.00000000
0.91753180 -0.27275120 -0.28938290 0.00000000
-0.16988720 0.79289610 0.13799870 1.00000000

0.15400080 -0.13506640 -0.97879600 0.00000000
0.95166990 -0.24613100 0.18369700 0.00000000
-0.26572320 -0.95977990 0.09063430 0.00000000
-0.20112360 -0.03883821 0.02616653 1.00000000

-0.06086436 -0.27931000 -0.95827040 0.00000000
-0.35661960 -0.89059880 0.28223630 0.00000000
-0.93226530 0.35891600 -0.04540165 0.00000000
0.24846700 -0.29230480 0.14517270 1.00000000

0.06040907 -0.24877600 -0.96667570 0.00000000
0.29629680 -0.92032520 0.25536360 0.00000000
-0.95318390 -0.30184920 0.01811564 0.00000000
0.20028770 -0.14265550 0.10364930 1.00000000

0.29835680 -0.24038650 0.92368720 0.00000000
-0.22858770 -0.95759660 -0.17537580 0.00000000
0.92667760 -0.15881870 -0.34065480 0.00000000
-0.14948560 0.64288340 0.34407610 1.00000000

0.03267981 -0.66384460 0.74715670 0.00000000
-0.75364590 -0.50737600 -0.41783700 0.00000000
0.65646800 -0.54943650 -0.51688450 0.00000000
-0.20297900 0.41878930 0.30303510 1.00000000

0.02565418 -0.67171880 0.74036230 0.00000000
-0.67163650 -0.56013380 -0.48492770 0.00000000
0.74043670 -0.48481370 -0.46552040 0.00000000
-0.29650600 0.36435370 0.24641430 1.00000000

-0.34846390 -0.77731920 0.52378310 0.00000000
-0.28712420 -0.44342280 -0.84907960 0.00000000
0.89226290 -0.44626410 -0.06867033 0.00000000
-0.22652090 0.41071200 0.25827400 1.00000000

0.06605834 -0.62065550 0.78129600 0.00000000
-0.26322310 -0.76610960 -0.58633600 0.00000000
0.96247080 -0.16692250 -0.21397880 0.00000000
-0.33305860 0.32158890 0.21149660 1.00000000

0.06059667 -0.63344560 0.77141110 0.00000000
-0.40858840 -0.72085860 -0.55983830 0.00000000
0.91070530 -0.28126530 -0.30250020 0.00000000
-0.31986940 0.34475680 0.22966230 1.00000000

-0.00787091 -0.68160160 0.73168160 0.00000000
-0.66614290 -0.54213520 -0.51219430 0.00000000
0.74578280 -0.49143570 -0.44977680 0.00000000
-0.32197350 0.36726620 0.21054290 1.00000000

-0.00553978 -0.68269130 0.73068640 0.00000000
-0.52159290 -0.62145080 -0.58458540 0.00000000
0.85317700 -0.38435900 -0.35264410 0.00000000
-0.34099840 0.35182760 0.19586600 1.00000000

-0.03964333 -0.70133220 0.71173180 0.00000000
-0.79258690 -0.41167740 -0.44980880 0.00000000
0.60846920 -0.58194110 -0.53954620 0.00000000
-0.29726070 0.38018310 0.22448080 1.00000000

0.09889732 -0.60991020 0.78627570 0.00000000
-0.54742660 -0.69318650 -0.46884620 0.00000000
0.83098970 -0.38406030 -0.40243520 0.00000000
-0.29613590 0.34922650 0.26158620 1.00000000

0.11724770 -0.57124550 0.81236210 0.00000000
-0.26012050 -0.80711050 -0.53000960 0.00000000
0.95843150 -0.14916960 -0.24322440 0.00000000
-0.31157830 0.32964510 0.24838650 1.00000000

0.11546110 -0.58539470 0.80248510 0.00000000
-0.11292580 -0.81038620 -0.57491060 0.00000000
0.98687230 -0.02424141 -0.15967430 0.00000000
-0.31857870 0.30799680 0.23407820 1.00000000

0.14077890 -0.57673760 0.80470830 0.00000000
-0.58512930 -0.70412460 -0.40228400 0.00000000
0.79862720 -0.41422500 -0.43659190 0.00000000
-0.28716720 0.34070670 0.28178130 1.00000000

0.16709860 -0.53062680 0.83097170 0.00000000
-0.19289720 -0.84412810 -0.50023830 0.00000000
0.96688630 -0.07670292 -0.24340910 0.00000000
-0.30260590 0.32206820 0.27122400 1.00000000

0.15973490 -0.56693230 0.80812930 0.00000000
-0.22902260 -0.81758730 -0.52829880 0.00000000
0.96022580 -0.10069200 -0.26043750 0.00000000
-0.30676070 0.30395720 0.26042740 1.00000000

-0.27648020 -0.69292000 0.66589890 0.00000000
-0.52806320 -0.46939010 -0.70768820 0.00000000
0.80293730 -0.54729810 -0.23612840 0.00000000
-0.23672760 0.39597370 0.22143200 1.00000000

-0.32237450 -0.77964990 0.53686280 0.00000000
-0.44754300 -0.37422130 -0.81219670 0.00000000
0.83413450 -0.50210060 -0.22828740 0.00000000
-0.25526950 0.37965510 0.19620470 1.00000000

-1.00000000 0.00000000 0.00000000 0.00000000
0.00000000 1.00000000 0.00000000 0.00000000
0.00000000 0.00000000 -1.00000000 0.00000000
0.00000000 -0.53900000 0.00000000 1.00000000

-0.26959310 -0.10051330 0.95771430 0.00000000
-0.18737660 0.98100390 0.05021173 0.00000000
-0.94456850 -0.16591650 -0.28330570 0.00000000
0.00098481 0.41685290 0.00587721 1.00000000

0.21993450 0.01270379 -0.97543190 0.00000000
-0.60381720 -0.78357290 -0.14635010 0.00000000
-0.76618120 0.62117000 -0.16466390 0.00000000
-0.00356969 0.35698300 0.08266044 1.00000000

0.29992410 0.01053326 -0.95390500 0.00000000
0.17456450 -0.98366120 0.04402425 0.00000000
-0.93785540 -0.17972190 -0.29686240 0.00000000
0.03794750 0.37286410 -0.07268332 1.00000000

-0.68184450 0.06114735 0.72893690 0.00000000
-0.18279170 0.95064330 -0.25072790 0.00000000
-0.70829030 -0.30420110 -0.63701370 0.00000000
-0.11021850 0.95659070 -0.01767348 1.00000000

-0.53529910 -0.03422114 0.84396900 0.00000000
-0.28452130 0.94809200 -0.14201850 0.00000000
-0.79530020 -0.31614950 -0.51724930 0.00000000
-0.07541352 0.89911200 0.00207142 1.00000000

-0.90163130 -0.42683530 -0.06980422 0.00000000
0.40897500 -0.78889140 -0.45868270 0.00000000
0.14071420 -0.44211100 0.88585400 0.00000000
0.01014919 0.83405860 -0.15844210 1.00000000

-0.89160180 -0.26676630 -0.36589910 0.00000000
0.44669910 -0.38574620 -0.80725440 0.00000000
0.07420421 -0.88319620 0.46309620 0.00000000
-0.04794820 0.88422840 -0.05345110 1.00000000

-0.35797290 -0.01774330 0.93356330 0.00000000
-0.19939460 0.97820920 -0.05786562 0.00000000
-0.91219350 -0.20686190 -0.35371040 0.00000000
-0.04613632 0.75548130 0.01056785 1.00000000

-0.34056970 -0.03382414 0.93961060 0.00000000
-0.17535470 0.98410320 -0.02813301 0.00000000
-0.92372240 -0.17434650 -0.34108700 0.00000000
-0.02324976 0.62704030 0.01423965 1.00000000

0.19739070 0.06340790 -0.97827230 0.00000000
0.53102710 -0.84573760 0.05233042 0.00000000
-0.82404320 -0.52981870 -0.20061200 0.00000000
0.11264340 -0.04804277 -0.05384542 1.00000000

0.24558510 0.08445181 -0.96568940 0.00000000
-0.58102970 -0.78459280 -0.21637650 0.00000000
-0.77594620 0.61423310 -0.14361530 0.00000000
0.33659740 -0.40472200 -0.03177572 1.00000000

0.33470920 -0.01597299 -0.94218620 0.00000000
-0.94232130 -0.00493396 -0.33467360 0.00000000
0.00069698 0.99986030 -0.01670315 0.00000000
0.24257350 -0.53168700 -0.06679039 1.00000000

-0.32356560 -0.05038901 0.94486300 0.00000000
-0.15039140 0.98862580 0.00122177 0.00000000
-0.93417760 -0.14170390 -0.32746340 0.00000000
-0.00607486 0.51413790 0.01410012 1.00000000

-0.73132740 0.59841980 0.32719090 0.00000000
-0.66381160 -0.73467090 -0.14004620 0.00000000
0.15657130 -0.31961280 0.93452290 0.00000000
0.11468640 0.63241180 -0.27568500 1.00000000

-0.58215240 0.23285080 0.77902430 0.00000000
-0.40868970 -0.91208450 -0.03278476 0.00000000
0.70290210 -0.33746500 0.62613570 0.00000000
-0.04067273 0.46046870 -0.30846150 1.00000000

-0.30468830 0.67064510 0.67631380 0.00000000
-0.19731320 -0.73911690 0.64402940 0.00000000
0.93179010 0.06278260 0.35752730 0.00000000
-0.06509976 0.42723790 -0.27997140 1.00000000

-0.58257770 0.12157010 0.80363160 0.00000000
0.52321230 -0.70054510 0.48526850 0.00000000
0.62197450 0.70317670 0.34451480 0.00000000
-0.09628798 0.31888100 -0.29566720 1.00000000

-0.55531840 0.09685385 0.82597850 0.00000000
0.70919190 -0.46358910 0.53116110 0.00000000
0.43435970 0.88074090 0.18875160 0.00000000
-0.07980791 0.29674950 -0.28024810 1.00000000

-0.60841120 0.20135130 0.76765440 0.00000000
0.08733490 -0.94441830 0.31693340 0.00000000
0.78880180 0.25986900 0.55700960 0.00000000
-0.09934597 0.35131500 -0.30646860 1.00000000

-0.56890400 0.24266900 0.78578600 0.00000000
0.14050530 -0.91274720 0.38360240 0.00000000
0.81031250 0.32864020 0.48516910 0.00000000
-0.11737590 0.30048380 -0.26831230 1.00000000

-0.57025880 0.26565990 0.77732230 0.00000000
-0.02180285 -0.95082480 0.30896140 0.00000000
0.82117560 0.15924010 0.54800800 0.00000000
-0.11666530 0.32976100 -0.27788450 1.00000000

-0.56069730 0.32034800 0.76354140 0.00000000
-0.26013310 -0.94359000 0.20486280 0.00000000
0.78609740 -0.08375640 0.61240140 0.00000000
-0.10821480 0.36095830 -0.28446520 1.00000000

-0.58232270 0.04892909 0.81148400 0.00000000
0.43905370 -0.82116630 0.36457870 0.00000000
0.68420200 0.56858750 0.45670130 0.00000000
-0.06793715 0.35202990 -0.33810100 1.00000000

-0.59660120 0.07344880 0.79916960 0.00000000
0.27466930 -0.91697780 0.28932400 0.00000000
0.75407150 0.39211850 0.52689590 0.00000000
-0.08635635 0.34438930 -0.32416470 1.00000000

-0.54318710 0.00465889 0.83959850 0.00000000
0.72330240 -0.50519960 0.47075140 0.00000000
0.42635820 0.86299010 0.27104810 0.00000000
-0.07890803 0.31939680 -0.31622490 1.00000000

-0.48105480 -0.02293944 0.87639020 0.00000000
0.87667390 -0.00639796 0.48104290 0.00000000
-0.00542786 0.99971650 0.02318811 0.00000000
-0.05588181 0.32957020 -0.32819960 1.00000000

-0.40657300 -0.00343444 0.91361190 0.00000000
0.81796680 0.44408260 0.36567870 0.00000000
-0.40697510 0.89597920 -0.17774290 0.00000000
-0.03666191 0.32942910 -0.31762020 1.00000000

-0.48080520 -0.01087057 0.87675980 0.00000000
0.87668640 -0.02389696 0.48046840 0.00000000
0.01572895 0.99965540 0.02101985 0.00000000
-0.05993677 0.30615900 -0.30391850 1.00000000

-0.44630280 0.41528670 0.79268590 0.00000000
-0.23066840 -0.90925330 0.34648370 0.00000000
0.86464220 -0.02821092 0.50159560 0.00000000
-0.07420694 0.40046900 -0.25153550 1.00000000

-0.50815080 0.35080490 0.78658680 0.00000000
-0.20596550 -0.93628630 0.28451050 0.00000000
0.83627830 -0.01743546 0.54802830 0.00000000
-0.08267729 0.36789160 -0.23876660 1.00000000

0.77007740 0.22890200 0.59547020 0.00000000
-0.43809010 -0.48877510 0.75443720 0.00000000
0.46374320 -0.84184470 -0.27611500 0.00000000
-0.09242056 0.88186160 0.06099339 1.00000000

0.40512230 0.86670560 0.29102800 0.00000000
0.18285640 -0.38869950 0.90303720 0.00000000
0.89578990 -0.31262420 -0.31595330 0.00000000
-0.14939830 0.81829200 0.15911500 1.00000000

0.13177680 -0.12828450 -0.98294350 0.00000000
0.83678340 -0.51721150 0.17968360 0.00000000
-0.53144030 -0.84618890 0.03918983 0.00000000
-0.26185800 0.02180272 0.02005785 1.00000000

-0.08541210 -0.20407510 -0.97522210 0.00000000
-0.63737610 -0.74112640 0.21091090 0.00000000
-0.76580460 0.63959770 -0.06677146 0.00000000
0.07810382 -0.35470680 0.13043700 1.00000000

0.03573604 -0.21606260 -0.97572530 0.00000000
-0.07989212 -0.97384180 0.21271950 0.00000000
-0.99616300 0.07035102 -0.05206300 0.00000000
0.09109458 -0.19635550 0.09584782 1.00000000

0.37874930 -0.10267020 0.91978690 0.00000000
-0.22723380 -0.97372270 -0.01512077 0.00000000
0.89716980 -0.20327970 -0.39212680 0.00000000
-0.10264000 0.71889740 0.39003110 1.00000000

0.16229050 -0.71247260 0.68267450 0.00000000
-0.67840230 -0.58296080 -0.44713190 0.00000000
0.71654170 -0.39056260 -0.57795180 0.00000000
-0.15581660 0.49102940 0.38649260 1.00000000

0.13012850 -0.73744490 0.66275290 0.00000000
-0.68605540 -0.54955160 -0.47678230 0.00000000
0.71581750 -0.39264230 -0.57744030 0.00000000
-0.24151060 0.42748580 0.32703520 1.00000000

-0.20356820 -0.86461220 0.45935340 0.00000000
-0.24358580 -0.40969850 -0.87909810 0.00000000
0.94827540 -0.29084840 -0.12720550 0.00000000
-0.17931910 0.48321610 0.34166400 1.00000000

0.17222270 -0.68670990 0.70623540 0.00000000
-0.26196930 -0.72305940 -0.63918510 0.00000000
0.94958480 -0.07492989 -0.30442390 0.00000000
-0.27879330 0.38612320 0.29129860 1.00000000

0.16633880 -0.69962570 0.69487760 0.00000000
-0.41574250 -0.68875800 -0.59394480 0.00000000
0.89414170 -0.19009410 -0.40543130 0.00000000
-0.26535880 0.40824660 0.31055400 1.00000000

0.09720825 -0.74347040 0.66166590 0.00000000
-0.68472150 -0.53243360 -0.49766540 0.00000000
0.72229270 -0.40467990 -0.56082730 0.00000000
-0.27111900 0.43214200 0.29423770 1.00000000

0.10112590 -0.74296960 0.66164150 0.00000000
-0.52684930 -0.60413560 -0.59787110 0.00000000
0.84392130 -0.28812520 -0.45252680 0.00000000
-0.29068150 0.41698450 0.27998040 1.00000000

0.06258431 -0.76395610 0.64222560 0.00000000
-0.82211730 -0.40430530 -0.40082470 0.00000000
0.56586780 -0.50289960 -0.65336480 0.00000000
-0.24549770 0.44483630 0.30665680 1.00000000

0.21407770 -0.66625470 0.71433540 0.00000000
-0.53020260 -0.69344360 -0.48787390 0.00000000
0.82039960 -0.27429970 -0.50170100 0.00000000
-0.23824590 0.41135180 0.34075360 1.00000000

0.23184820 -0.62691830 0.74378740 0.00000000
-0.22480920 -0.77845450 -0.58606270 0.00000000
0.94641800 -0.03133254 -0.32142010 0.00000000
-0.25319810 0.39176090 0.32701410 1.00000000

0.23117000 -0.63854950 0.73404000 0.00000000
-0.06511162 -0.76293860 -0.64318360 0.00000000
0.97073200 0.10089040 -0.21794540 0.00000000
-0.25925830 0.37088730 0.31120460 1.00000000

0.25762370 -0.63247590 0.73048200 0.00000000
-0.57865950 -0.70642780 -0.40756960 0.00000000
0.77381050 -0.31770080 -0.54798060 0.00000000
-0.22736090 0.40265170 0.35990260 1.00000000

0.28453410 -0.58355020 0.76059790 0.00000000
-0.15895130 -0.81112760 -0.56285550 0.00000000
0.94539650 0.03925362 -0.32354930 0.00000000
-0.24261930 0.38394780 0.34919970 1.00000000

0.28069130 -0.61473520 0.73709740 0.00000000
-0.16808610 -0.78758700 -0.59283520 0.00000000
0.94496520 0.04250777 -0.32439700 0.00000000
-0.24605120 0.36654900 0.33706140 1.00000000

-0.14859310 -0.76103080 0.63146820 0.00000000
-0.54654420 -0.46896870 -0.69379960 0.00000000
0.82414160 -0.44821900 -0.34625140 0.00000000
-0.18837250 0.47022600 0.30387480 1.00000000

-0.20950130 -0.84706460 0.48845720 0.00000000
-0.47177890 -0.34998570 -0.80928030 0.00000000
0.85646590 -0.39998910 -0.32630470 0.00000000
-0.20761350 0.45394720 0.27915030 1.00000000

-1.00000000 0.00000000 0.00000000 0.00000000
0.00000000 1.00000000 0.00000000 0.00000000
0.00000000 0.00000000 -1.00000000 0.00000000
0.00000000 -0.53900000 0.00000000 1.00000000

-0.20967630 -0.06081503 0.97587770 0.00000000
-0.18654280 0.98221960 0.02112979 0.00000000
-0.95981120 -0.17761250 -0.21729280 0.00000000
-0.00370530 0.43176870 0.01550688 1.00000000

0.20990710 -0.00130404 -0.97772050 0.00000000
-0.67333410 -0.72526040 -0.14359100 0.00000000
-0.70891470 0.68847340 -0.15311540 0.00000000
-0.00335006 0.37512800 0.09483224 1.00000000

0.30178150 0.07711545 -0.95025320 0.00000000
0.39070670 -0.91918410 0.04948657 0.00000000
-0.86964140 -0.38620440 -0.30752230 0.00000000
0.02845384 0.38457010 -0.06330356 1.00000000

-0.60803400 0.10192020 0.78734160 0.00000000
-0.20244620 0.93903580 -0.27789820 0.00000000
-0.76766540 -0.32836590 -0.55033240 0.00000000
-0.11034050 0.97236820 -0.01497767 1.00000000

-0.42862440 0.00936498 0.90343420 0.00000000
-0.28774270 0.94646300 -0.14632730 0.00000000
-0.85643760 -0.32267610 -0.40298250 0.00000000
-0.07411331 0.91512760 0.00280327 1.00000000

-0.94702300 -0.31806420 0.04452759 0.00000000
0.25107830 -0.81965850 -0.51489730 0.00000000
0.20026800 -0.47643970 0.85609450 0.00000000
-0.01701479 0.84345980 -0.16737510 1.00000000

-0.94625600 -0.25085770 -0.20413190 0.00000000
0.29577630 -0.41591140 -0.85996160 0.00000000
0.13082730 -0.87412120 0.46775650 0.00000000
-0.05548325 0.89755300 -0.05552912 1.00000000

-0.21680610 0.02480144 0.97589950 0.00000000
-0.18295650 0.98093160 -0.06557501 0.00000000
-0.95891710 -0.19276430 -0.20813450 0.00000000
-0.04724974 0.77109710 0.01243167 1.00000000

-0.21603530 0.00674217 0.97636220 0.00000000
-0.16067480 0.98609790 -0.04236118 0.00000000
-0.96307440 -0.16602830 -0.21194870 0.00000000
-0.02627914 0.64239580 0.01796048 1.00000000

0.14620560 0.11847430 -0.98213430 0.00000000
0.53527970 -0.84438370 -0.02217302 0.00000000
-0.83192510 -0.52247480 -0.18687060 0.00000000
0.19563660 -0.00874728 -0.04212834 1.00000000

0.23642250 0.06643131 -0.96937680 0.00000000
-0.25095130 -0.95963660 -0.12696860 0.00000000
-0.93868420 0.27328460 -0.21020870 0.00000000
0.42138410 -0.36485540 -0.05147953 1.00000000

0.35057810 0.00270924 -0.93652960 0.00000000
-0.92246390 -0.17168610 -0.34580950 0.00000000
-0.16172610 0.98514810 -0.05769024 0.00000000
0.38077440 -0.52014660 -0.07202595 1.00000000

-0.21569960 -0.01140319 0.97639310 0.00000000
-0.13813400 0.99023220 -0.01895101 0.00000000
-0.96663990 -0.13896080 -0.21516790 0.00000000
-0.01050405 0.52930990 0.02012471 1.00000000

-0.46427850 0.77606730 0.42680780 0.00000000
-0.84846960 -0.52794830 0.03701255 0.00000000
0.25405690 -0.34494920 0.90358450 0.00000000
0.04716279 0.63394860 -0.29898690 1.00000000

-0.21550510 0.38937050 0.89551540 0.00000000
-0.66931380 -0.72665750 0.15488110 0.00000000
0.71103910 -0.56600320 0.41720940 0.00000000
-0.15141380 0.51038710 -0.29032450 1.00000000

0.14353210 0.74576200 0.65056690 0.00000000
-0.21210680 -0.61891620 0.75627610 0.00000000
0.96664830 -0.24653950 0.06934687 0.00000000
-0.17548770 0.48622710 -0.25359020 1.00000000

-0.24230000 0.30776880 0.92009170 0.00000000
0.42464200 -0.81904820 0.38579660 0.00000000
0.87233590 0.48418810 0.06776392 0.00000000
-0.24104220 0.39481820 -0.25024990 1.00000000

-0.21943320 0.27786960 0.93522040 0.00000000
0.66174720 -0.66198160 0.35195320 0.00000000
0.71689600 0.69611000 -0.03861865 0.00000000
-0.22764370 0.36895940 -0.23796340 1.00000000

-0.25461970 0.38868020 0.88549200 0.00000000
-0.07426863 -0.92082680 0.38283440 0.00000000
0.96418510 0.03171283 0.26332740 0.00000000
-0.23851850 0.42646100 -0.26330140 1.00000000

-0.17733610 0.43334130 0.88361020 0.00000000
-0.08468105 -0.90122970 0.42498730 0.00000000
0.98050060 0.00054066 0.19651650 0.00000000
-0.25983400 0.38441450 -0.21545700 1.00000000

-0.17353950 0.45290230 0.87450750 0.00000000
-0.24528380 -0.87987550 0.40700750 0.00000000
0.95379240 -0.14387060 0.26378280 0.00000000
-0.25226490 0.41149290 -0.22805670 1.00000000

-0.15243920 0.49858460 0.85333200 0.00000000
-0.46945520 -0.79632600 0.38141350 0.00000000
0.86969760 -0.34245880 0.35545460 0.00000000
-0.23681570 0.43787410 -0.24044000 1.00000000

-0.26925960 0.24474590 0.93144980 0.00000000
0.27708080 -0.90658940 0.31831100 0.00000000
0.92234790 0.34379510 0.17629350 0.00000000
-0.21952610 0.41771040 -0.30267580 1.00000000

-0.27322900 0.24852990 0.92928930 0.00000000
0.04323395 -0.96189960 0.26996290 0.00000000
0.96097700 0.11393860 0.25207400 0.00000000
-0.23435800 0.41614760 -0.28345500 1.00000000

-0.23610830 0.16658580 0.95734110 0.00000000
0.62206260 -0.73095520 0.28061150 0.00000000
0.74651930 0.66178100 0.06895781 0.00000000
-0.23319740 0.38994200 -0.27603450 1.00000000

-0.17722080 0.14684070 0.97315490 0.00000000
0.94300970 -0.25763870 0.21060650 0.00000000
0.28164780 0.95501850 -0.09281328 0.00000000
-0.21192640 0.39289810 -0.29404970 1.00000000

-0.09203759 0.14410690 0.98527260 0.00000000
0.97971240 0.19000630 0.06372772 0.00000000
-0.17802450 0.97114930 -0.15867100 0.00000000
-0.19124240 0.38724990 -0.28940080 1.00000000

-0.17602000 0.13055490 0.97569080 0.00000000
0.91591690 -0.34147550 0.21092850 0.00000000
0.36071220 0.93077930 -0.05947095 0.00000000
-0.21688940 0.37078330 -0.26871420 1.00000000

-0.05507991 0.54379960 0.83740570 0.00000000
-0.40881410 -0.77744150 0.47797020 0.00000000
0.91095410 -0.31601660 0.26513440 0.00000000
-0.18336790 0.46455830 -0.22078040 1.00000000

-0.12423780 0.51782420 0.84641770 0.00000000
-0.41281700 -0.80267080 0.43046690 0.00000000
0.90230100 -0.29593530 0.31348870 0.00000000
-0.19810540 0.43677400 -0.20326160 1.00000000

0.84564280 0.22900660 0.48212490 0.00000000
-0.35609230 -0.43081210 0.82921610 0.00000000
0.39760110 -0.87290160 -0.28276560 0.00000000
-0.08264799 0.90041880 0.06419890 1.00000000

0.41547300 0.90634180 0.07698631 0.00000000
0.26842720 -0.20303510 0.94166010 0.00000000
0.86909680 -0.37056920 -0.32764230 0.00000000
-0.12896110 0.84438760 0.17204620 1.00000000

0.08168641 -0.10947220 -0.99062770 0.00000000
0.59426110 -0.79258880 0.13658970 0.00000000
-0.80011310 -0.59984910 0.00031133 0.00000000
-0.29137480 0.06489128 0.03340989 1.00000000

-0.12370590 -0.07870326 -0.98919300 0.00000000
-0.88389040 -0.44435760 0.14589150 0.00000000
-0.45103750 0.89238570 -0.01459536 0.00000000
-0.12125890 -0.40909580 0.11209600 1.00000000

-0.02022210 -0.13774140 -0.99026190 0.00000000
-0.49532080 -0.85898890 0.12959680 0.00000000
-0.86847470 0.49311800 -0.05085565 0.00000000
-0.04071739 -0.26942010 0.09102300 1.00000000

0.45185760 0.04269275 0.89106810 0.00000000
-0.22601520 -0.96078660 0.16064460 0.00000000
0.86298440 -0.27398330 -0.42448940 0.00000000
-0.06032144 0.79246930 0.41283860 1.00000000

0.28976460 -0.61048910 0.73711590 0.00000000
-0.61928120 -0.70680170 -0.34193940 0.00000000
0.72974490 -0.35740000 -0.58287030 0.00000000
-0.11321290 0.56762880 0.45043220 1.00000000

0.24344920 -0.65116110 0.71883400 0.00000000
-0.69399220 -0.63469550 -0.33990750 0.00000000
0.67757490 -0.41611480 -0.60641650 0.00000000
-0.19291330 0.48799140 0.40329220 1.00000000

-0.06420261 -0.82821740 0.55671730 0.00000000
-0.23505360 -0.52962220 -0.81501560 0.00000000
0.96985980 -0.18318460 -0.16067230 0.00000000
-0.13783610 0.55225410 0.40823810 1.00000000

0.28682920 -0.59236150 0.75288600 0.00000000
-0.26447220 -0.80432960 -0.53207970 0.00000000
0.92075160 -0.04650142 -0.38736820 0.00000000
-0.23068040 0.44093760 0.37622820 1.00000000

0.28055640 -0.60749300 0.74312920 0.00000000
-0.42228360 -0.77339060 -0.47280460 0.00000000
0.86195420 -0.18116270 -0.47351380 0.00000000
-0.21701940 0.46580380 0.39158230 1.00000000

0.21766750 -0.65302700 0.72538050 0.00000000
-0.68623260 -0.63088440 -0.36203610 0.00000000
0.69405040 -0.41897630 -0.58545140 0.00000000
-0.22600830 0.48692320 0.37357720 1.00000000

0.22230630 -0.65148210 0.72536280 0.00000000
-0.52529390 -0.70679770 -0.47381790 0.00000000
0.82136870 -0.27569590 -0.49934510 0.00000000
-0.24562190 0.46894780 0.36318930 1.00000000

0.18198090 -0.67836270 0.71183380 0.00000000
-0.82846960 -0.49570780 -0.26060000 0.00000000
0.52964280 -0.54230840 -0.65221200 0.00000000
-0.20020320 0.50245680 0.38161670 1.00000000

0.33411740 -0.56247810 0.75629630 0.00000000
-0.51325140 -0.78158440 -0.35454090 0.00000000
0.79053090 -0.26971170 -0.54983350 0.00000000
-0.18685000 0.47393150 0.41828260 1.00000000

0.35124140 -0.51844360 0.77964470 0.00000000
-0.20882600 -0.85510330 -0.47454240 0.00000000
0.91270020 0.00386885 -0.40861200 0.00000000
-0.20131940 0.45185760 0.40830700 1.00000000

0.35079720 -0.53073740 0.77153070 0.00000000
-0.05341391 -0.83388640 -0.54934570 0.00000000
0.93492720 0.15149850 -0.32087350 0.00000000
-0.20695940 0.42891540 0.39549200 1.00000000

0.37784130 -0.52279530 0.76414760 0.00000000
-0.56921400 -0.78209530 -0.25361990 0.00000000
0.73022740 -0.33913520 -0.59308980 0.00000000
-0.17392440 0.46872800 0.43743240 1.00000000

0.40457360 -0.46840190 0.78544280 0.00000000
-0.15663480 -0.88167170 -0.44510740 0.00000000
0.90099160 0.05705104 -0.43006900 0.00000000
-0.18892380 0.44803510 0.43079730 1.00000000

0.40100830 -0.50162830 0.76652570 0.00000000
-0.16454940 -0.86258410 -0.47840670 0.00000000
0.90117470 0.06571381 -0.42844580 0.00000000
-0.19231260 0.42911370 0.42118790 1.00000000

-0.00168908 -0.67528400 0.73755640 0.00000000
-0.56722310 -0.60677850 -0.55684670 0.00000000
0.82356260 -0.41929930 -0.38201160 0.00000000
-0.14713900 0.53422150 0.37264310 1.00000000

-0.08629198 -0.79584680 0.59931800 0.00000000
-0.50226710 -0.48476720 -0.71605070 0.00000000
0.86039610 -0.36280700 -0.35789600 0.00000000
-0.16716370 0.51304610 0.35271490 1.00000000

-1.00000000 0.00000000 0.00000000 0.00000000
0.00000000 1.00000000 0.00000000 0.00000000
0.00000000 0.00000000 -1.00000000 0.00000000
0.00000000 -0.53900000 0.00000000 1.00000000

-0.15544350 -0.03152844 0.98734150 0.00000000
-0.18674930 0.98240560 0.00196969 0.00000000
-0.97003200 -0.18407920 -0.15859650 0.00000000
-0.01361019 0.43819150 0.02484327 1.00000000

0.18382380 -0.00205505 -0.98295720 0.00000000
-0.66274370 -0.73877610 -0.12239580 0.00000000
-0.72593360 0.67394780 -0.13716660 0.00000000
-0.00878592 0.38395520 0.10568850 1.00000000

0.26245330 0.09604782 -0.96015280 0.00000000
0.47350560 -0.87981650 0.04141910 0.00000000
-0.84077980 -0.46550830 -0.27638980 0.00000000
0.01423384 0.38865170 -0.05417268 1.00000000

-0.53869110 0.13305770 0.83193020 0.00000000
-0.22429420 0.92916500 -0.29384430 0.00000000
-0.81209850 -0.34488840 -0.47068880 0.00000000
-0.11631240 0.97920500 -0.01315163 1.00000000

-0.33058660 0.04687586 0.94261090 0.00000000
-0.29124240 0.94495320 -0.14913510 0.00000000
-0.89771400 -0.32383030 -0.29873660 0.00000000
-0.07903598 0.92208860 0.00276210 1.00000000

-0.95781750 -0.27573360 0.08097406 0.00000000
0.18572780 -0.80895840 -0.55775590 0.00000000
0.21929680 -0.51918910 0.82604590 0.00000000
-0.04302458 0.84331600 -0.17000730 1.00000000

