MeshAnim
1
17
53
30
-0.33383970 0.11088630 -0.93608520 0.00000000
0.17036930 0.98380030 0.05577905 0.00000000
0.92710600 -0.14085890 -0.34732320 0.00000000
0.01309610 0.39199500 -0.00179259 1.00000000

0.21941820 0.06819598 0.97324470 0.00000000
0.25653050 -0.96648560 0.00988758 0.00000000
0.94130120 0.24749740 -0.22955890 0.00000000
-0.03004582 0.34886290 -0.07781372 1.00000000

0.15684850 -0.04317664 0.98667850 0.00000000
0.19106140 -0.97884440 -0.07320613 0.00000000
0.96896550 0.19999850 -0.14528090 0.00000000
0.02589227 0.33064360 0.07267403 1.00000000

-0.75727890 -0.01826853 -0.65283600 0.00000000
0.16094840 0.96355840 -0.21366100 0.00000000
0.63294890 -0.26687390 -0.72674210 0.00000000
0.12381510 0.93103720 -0.03325132 1.00000000

-0.65655020 0.06968252 -0.75105660 0.00000000
0.27375310 0.94984410 -0.15118050 0.00000000
0.70285210 -0.30486170 -0.64269610 0.00000000
0.09155703 0.87321810 -0.01041672 1.00000000

0.37135460 -0.59457730 -0.71314360 0.00000000
0.04426284 -0.75585730 0.65323850 0.00000000
-0.92743560 -0.27414880 -0.25437330 0.00000000
0.18902360 0.77512630 0.11927860 1.00000000

0.58818730 -0.21653420 -0.77919750 0.00000000
0.54019810 -0.61182890 0.57779900 0.00000000
-0.60184880 -0.76077500 -0.24289850 0.00000000
0.11876580 0.85470040 0.04413044 1.00000000

-0.53222310 0.04324858 -0.84549880 0.00000000
0.21135270 0.97386000 -0.08322749 0.00000000
0.81979790 -0.22299400 -0.52745150 0.00000000
0.06052403 0.73022600 0.00180361 1.00000000

-0.48811840 0.05413130 -0.87109710 0.00000000
0.18466590 0.98188370 -0.04246163 0.00000000
0.85301760 -0.18158830 -0.48927180 0.00000000
0.03642221 0.60207470 0.00734552 1.00000000

0.14426600 0.12763830 0.98127260 0.00000000
-0.98692760 -0.05343618 0.15204810 0.00000000
0.07184254 -0.99038020 0.11826080 0.00000000
0.10764710 -0.08820224 0.04134925 1.00000000

0.02462760 0.26022930 0.96523280 0.00000000
-0.57261270 -0.78777390 0.22699590 0.00000000
0.81945620 -0.55829480 0.12960960 0.00000000
-0.30857720 -0.11073830 0.10547360 1.00000000

-0.08552071 0.32106320 0.94318860 0.00000000
0.11906110 -0.93658000 0.32960920 0.00000000
0.98919710 0.14048560 0.04187086 0.00000000
-0.40123900 -0.23821810 0.14220680 1.00000000

-0.44323860 0.06656852 -0.89392860 0.00000000
0.15510310 0.98789270 -0.00333934 0.00000000
0.88288310 -0.14013120 -0.44819710 0.00000000
0.01870923 0.48925600 0.00772688 1.00000000

0.19620710 0.41054740 -0.89047950 0.00000000
0.25298750 -0.89858060 -0.35853930 0.00000000
-0.94736490 -0.15493220 -0.28017120 0.00000000
0.20033750 0.58192320 0.28625150 1.00000000

-0.05704033 0.57725720 -0.81456760 0.00000000
0.84003550 -0.41316390 -0.35161930 0.00000000
-0.53952470 -0.70432230 -0.46134960 0.00000000
0.25954690 0.37161860 0.20233850 1.00000000

-0.46248060 0.64555310 -0.60776060 0.00000000
0.38137500 -0.47397740 -0.79366160 0.00000000
-0.80041540 -0.59883750 -0.02699229 0.00000000
0.28456240 0.36354160 0.15965780 1.00000000

0.00793189 0.52318330 -0.85218350 0.00000000
0.43689490 -0.76838140 -0.46766780 0.00000000
-0.89947760 -0.36860510 -0.23467070 0.00000000
0.38786460 0.30844340 0.13738720 1.00000000

0.01267195 0.51318200 -0.85818620 0.00000000
0.36396910 -0.80174570 -0.47405710 0.00000000
-0.93132470 -0.30634620 -0.19694210 0.00000000
0.40167530 0.28420760 0.12251960 1.00000000

-0.02877408 0.56452120 -0.82491710 0.00000000
0.68405650 -0.59062750 -0.42804880 0.00000000
-0.72886130 -0.57660650 -0.36916940 0.00000000
0.36438390 0.32877070 0.15199650 1.00000000

-0.05643421 0.57290890 -0.81767390 0.00000000
0.61185100 -0.62732580 -0.48176890 0.00000000
-0.78895740 -0.52748270 -0.31513210 0.00000000
0.40226820 0.30975930 0.10356100 1.00000000

-0.06414971 0.57966270 -0.81232760 0.00000000
0.67589560 -0.57363830 -0.46271380 0.00000000
-0.73420010 -0.57873170 -0.35499270 0.00000000
0.38144790 0.32739380 0.11787270 1.00000000

-0.09707956 0.60185990 -0.79267930 0.00000000
0.77933900 -0.44939740 -0.43666110 0.00000000
-0.61903670 -0.66015670 -0.42542550 0.00000000
0.35571980 0.34235590 0.13209240 1.00000000

0.06876090 0.48068430 -0.87419380 0.00000000
0.61493400 -0.71042870 -0.34226780 0.00000000
-0.78557500 -0.51403680 -0.34443880 0.00000000
0.35526820 0.30780150 0.19026970 1.00000000

0.03701186 0.51345040 -0.85732090 0.00000000
0.59961130 -0.69772290 -0.39198090 0.00000000
-0.79943500 -0.49955140 -0.33369450 0.00000000
0.36681870 0.31458770 0.16996200 1.00000000

0.05673337 0.47735320 -0.87687820 0.00000000
0.34312050 -0.83411760 -0.43187560 0.00000000
-0.93757670 -0.27637300 -0.21111180 0.00000000
0.38316690 0.29560120 0.15922000 1.00000000

0.09796566 0.43407550 -0.89553410 0.00000000
0.26963960 -0.87778130 -0.39597370 0.00000000
-0.95796530 -0.20267950 -0.20303620 0.00000000
0.37207840 0.28833380 0.18098360 1.00000000

0.09866115 0.43300180 -0.89597740 0.00000000
0.36461320 -0.85348550 -0.37231690 0.00000000
-0.92591760 -0.28995210 -0.24208410 0.00000000
0.37799700 0.26908830 0.17227010 1.00000000

0.06095073 0.45703270 -0.88735920 0.00000000
0.19021750 -0.87803790 -0.43916620 0.00000000
-0.97984820 -0.14202380 -0.14045260 0.00000000
0.39215570 0.27372850 0.14793340 1.00000000

-0.33835890 0.57810980 -0.74249740 0.00000000
0.57381470 -0.49861200 -0.64970980 0.00000000
-0.74582170 -0.64589110 -0.16301810 0.00000000
0.29790280 0.34724900 0.12553010 1.00000000

-0.38354960 0.65374290 -0.65231140 0.00000000
0.51157290 -0.43766340 -0.73942140 0.00000000
-0.76888420 -0.61730950 -0.16657140 0.00000000
0.31843330 0.32951510 0.10186410 1.00000000

-0.72253970 0.28816430 0.62840900 0.00000000
-0.68924810 -0.37075110 -0.62247950 0.00000000
0.05360699 -0.88289570 0.46649910 0.00000000
0.05386519 0.85981460 -0.05999782 1.00000000

-0.60578190 0.69227900 0.39214530 0.00000000
-0.79292080 -0.56594130 -0.22580310 0.00000000
0.06561249 -0.44772760 0.89175950 0.00000000
-0.03577795 0.81159500 -0.14095710 1.00000000

0.20853490 0.00772274 0.97798460 0.00000000
-0.44292670 -0.89079640 0.10147920 0.00000000
0.87196870 -0.45433720 -0.18234150 0.00000000
0.07968739 -0.06456000 -0.07358423 1.00000000

0.30281810 0.02051587 0.95282770 0.00000000
0.95260080 0.02411772 -0.30326530 0.00000000
-0.02920176 0.99949860 -0.01224018 0.00000000
0.02162660 -0.53146320 -0.07013125 1.00000000

0.23785270 -0.08181103 0.96785000 0.00000000
0.79188470 -0.56067280 -0.24200150 0.00000000
0.56244550 0.82398610 -0.06857266 0.00000000
-0.10713770 -0.44029510 -0.03078065 1.00000000

-0.97172740 -0.23404600 0.03112024 0.00000000
0.20764650 -0.90987800 -0.35917290 0.00000000
0.11237860 -0.34255620 0.93275210 0.00000000
-0.23853620 0.66687780 -0.19869730 1.00000000

-0.86104480 0.26586970 -0.43349220 0.00000000
-0.11642110 -0.93286400 -0.34089740 0.00000000
-0.49502360 -0.24306030 0.83419020 0.00000000
-0.18994330 0.45395080 -0.28274990 1.00000000

-0.84843830 0.32677190 -0.41638070 0.00000000
-0.39504040 -0.91451070 0.08725450 0.00000000
-0.35227230 0.23851710 0.90499380 0.00000000
-0.19507690 0.33844920 -0.32211390 1.00000000

-0.78407470 -0.22923460 -0.57678280 0.00000000
-0.01296920 -0.92304190 0.38448090 0.00000000
-0.62053130 0.30894220 0.72076080 0.00000000
-0.17582120 0.40551290 -0.27395410 1.00000000

-0.77568690 0.42044060 -0.47068070 0.00000000
-0.60562750 -0.28606220 0.74255250 0.00000000
0.17755530 0.86104490 0.47652490 0.00000000
-0.22792210 0.28671230 -0.30234690 1.00000000

-0.80389120 0.39967510 -0.44047590 0.00000000
-0.59126060 -0.61740810 0.51886250 0.00000000
-0.06457713 0.67754510 0.73264070 0.00000000
-0.20895810 0.30668420 -0.31914530 1.00000000

-0.85292760 0.29458530 -0.43096870 0.00000000
-0.38635250 -0.91141100 0.14164000 0.00000000
-0.35106460 0.28731450 0.89118120 0.00000000
-0.17993220 0.29895320 -0.31271180 1.00000000

-0.84768920 0.30843250 -0.43161620 0.00000000
-0.48381660 -0.78320120 0.39053500 0.00000000
-0.21758870 0.53987520 0.81313600 0.00000000
-0.19091030 0.27290320 -0.30863790 1.00000000

-0.86927370 0.24057370 -0.43184240 0.00000000
-0.21404130 -0.97062610 -0.10987020 0.00000000
-0.44558980 -0.00307510 0.89523220 0.00000000
-0.17315650 0.32918290 -0.30923550 1.00000000

-0.80344250 0.41511680 -0.42680040 0.00000000
-0.54421400 -0.80278220 0.24366460 0.00000000
-0.24147860 0.42804120 0.87090130 0.00000000
-0.21397010 0.34297720 -0.33115250 1.00000000

-0.74455930 0.46770290 -0.47632480 0.00000000
-0.64718480 -0.33080560 0.68681850 0.00000000
0.16365600 0.81964740 0.54899450 0.00000000
-0.22935540 0.32034130 -0.32429310 1.00000000

-0.72676010 0.47383070 -0.49729730 0.00000000
-0.50827960 0.11600710 0.85334290 0.00000000
0.46203010 0.87294140 0.15652910 0.00000000
-0.24669160 0.31141380 -0.30579640 1.00000000

-0.75300320 0.47135830 -0.45913770 0.00000000
-0.64166970 -0.68056480 0.35368330 0.00000000
-0.14576140 0.56093940 0.81492370 0.00000000
-0.23088300 0.35868350 -0.33645630 1.00000000

-0.66609180 0.51619720 -0.53838870 0.00000000
-0.56375600 0.12419390 0.81655090 0.00000000
0.48836590 0.84741760 0.20828470 0.00000000
-0.24788660 0.34075160 -0.32715450 1.00000000

-0.64447570 0.51872370 -0.56176250 0.00000000
-0.27889870 0.52459880 0.80437050 0.00000000
0.71194590 0.67507190 -0.19342000 0.00000000
-0.25996480 0.34339170 -0.30957650 1.00000000

-0.79842940 0.06149047 -0.59894020 0.00000000
-0.14885580 -0.98404980 0.09740743 0.00000000
-0.58339760 0.16692860 0.79484740 0.00000000
-0.17299070 0.36888300 -0.25581650 1.00000000

-0.82480070 0.14606410 -0.54623190 0.00000000
-0.21262240 -0.97527410 0.06026486 0.00000000
-0.52392340 0.16584760 0.83546310 0.00000000
-0.17795450 0.33411940 -0.25215900 1.00000000

-1.00000000 0.00000000 0.00000000 0.00000000
0.00000000 1.00000000 0.00000000 0.00000000
0.00000000 0.00000000 -1.00000000 0.00000000
0.00000000 -0.53900000 0.00000000 1.00000000

-0.30895930 0.11444120 -0.94416490 0.00000000
0.18369650 0.98122150 0.05882178 0.00000000
0.93316650 -0.15526620 -0.32418000 0.00000000
0.00163644 0.40198670 -0.00071952 1.00000000

0.25615940 0.04308237 0.96567400 0.00000000
0.00683832 -0.99906210 0.04275800 0.00000000
0.96661040 -0.00434927 -0.25621380 0.00000000
-0.04026113 0.35938950 -0.07773172 1.00000000

0.20111440 -0.02338289 0.97928860 0.00000000
0.44332630 -0.88930030 -0.11227920 0.00000000
0.87350710 0.45672540 -0.16848500 0.00000000
0.01167027 0.34056470 0.07411139 1.00000000

-0.72741660 -0.03544224 -0.68528010 0.00000000
0.17138050 0.95763300 -0.23144660 0.00000000
0.66444990 -0.28580180 -0.69052420 0.00000000
0.11495770 0.94091060 -0.02690000 1.00000000

-0.60779950 0.05757269 -0.79200070 0.00000000
0.28126510 0.94831760 -0.14691350 0.00000000
0.74261000 -0.31205610 -0.59258020 0.00000000
0.08141073 0.88333600 -0.00534051 1.00000000

0.39328130 -0.76142480 -0.51532710 0.00000000
-0.07979204 -0.58664380 0.80590460 0.00000000
-0.91594920 -0.27582820 -0.29147180 0.00000000
0.16875040 0.79376430 0.13876970 1.00000000

0.68399210 -0.22959730 -0.69241600 0.00000000
0.49641660 -0.54901400 0.67242410 0.00000000
-0.53453280 -0.80365970 -0.26154540 0.00000000
0.10418680 0.86516860 0.05131471 1.00000000

-0.46138580 0.03700315 -0.88642760 0.00000000
0.21045520 0.97517720 -0.06883410 0.00000000
0.86187700 -0.21831240 -0.45772050 0.00000000
0.05050951 0.74015050 0.00476644 1.00000000

-0.42859570 0.05039551 -0.90208980 0.00000000
0.18468160 0.98224850 -0.03287128 0.00000000
0.88441990 -0.18068790 -0.43029470 0.00000000
0.02640564 0.61195160 0.00905666 1.00000000

0.15509470 0.13490780 0.97864470 0.00000000
-0.95220640 -0.24346460 0.18446670 0.00000000
0.26315120 -0.96048160 0.09070002 0.00000000
0.20136880 -0.03996539 0.02606732 1.00000000

0.06038904 0.24937290 0.96652280 0.00000000
-0.29951280 -0.91914450 0.25586260 0.00000000
0.95217920 -0.30493720 0.01918414 0.00000000
-0.20021230 -0.14264350 0.10386380 1.00000000

-0.05912831 0.27993090 0.95819760 0.00000000
0.35660130 -0.89061900 0.28219350 0.00000000
0.93238360 0.35838030 -0.04716291 0.00000000
-0.24868030 -0.29138200 0.14526830 1.00000000

-0.39577500 0.06482985 -0.91605630 0.00000000
0.15702580 0.98759230 0.00205070 0.00000000
0.90482320 -0.14303290 -0.40104440 0.00000000
0.00847308 0.49916710 0.00882247 1.00000000

0.30195330 0.24098970 -0.92236020 0.00000000
0.22857430 -0.95760100 -0.17536890 0.00000000
-0.92551500 -0.15787470 -0.34423470 0.00000000
0.14835490 0.64381360 0.34476520 1.00000000

0.04799666 0.66827000 -0.74236880 0.00000000
0.74774060 -0.51681110 -0.41688210 0.00000000
-0.66225420 -0.53509030 -0.52449790 0.00000000
0.20185070 0.41969580 0.30372180 1.00000000

-0.33694200 0.78501670 -0.51982580 0.00000000
0.28463210 -0.44134850 -0.85099720 0.00000000
-0.89747130 -0.43469560 -0.07473218 0.00000000
0.22478730 0.41216020 0.25979230 1.00000000

0.07591604 0.63899090 -0.76545890 0.00000000
0.40859680 -0.72019660 -0.56068330 0.00000000
-0.90955250 -0.27019900 -0.31576410 0.00000000
0.31980770 0.34512010 0.22973970 1.00000000

0.08073854 0.62856670 -0.77355370 0.00000000
0.32395600 -0.75050080 -0.57602210 0.00000000
-0.94262090 -0.20409010 -0.26422230 0.00000000
0.33273070 0.32241900 0.21194060 1.00000000

0.03963201 0.67898790 -0.73307910 0.00000000
0.67162020 -0.56131230 -0.48358550 0.00000000
-0.73983490 -0.47318520 -0.47826780 0.00000000
0.29676060 0.36445270 0.24626420 1.00000000

0.01300327 0.67988070 -0.73320730 0.00000000
0.57534050 -0.60481350 -0.55062140 0.00000000
-0.81781070 -0.41468410 -0.39902750 0.00000000
0.33736390 0.35128560 0.19766640 1.00000000

0.00300948 0.68878570 -0.72495880 0.00000000
0.66611200 -0.54209330 -0.51227940 0.00000000
-0.74584590 -0.48136210 -0.46043960 0.00000000
0.31684050 0.36794090 0.21349930 1.00000000

-0.03308988 0.71122520 -0.70218490 0.00000000
0.79251470 -0.40939570 -0.45201290 0.00000000
-0.60895440 -0.57144900 -0.55010940 0.00000000
0.29069260 0.38160870 0.22824620 1.00000000

0.15401000 0.58352380 -0.79735870 0.00000000
0.58516220 -0.70411130 -0.40225910 0.00000000
-0.79615710 -0.40463230 -0.44989620 0.00000000
0.28405350 0.34122590 0.28213450 1.00000000

0.11782160 0.61499150 -0.77968160 0.00000000
0.54700370 -0.69548840 -0.46592180 0.00000000
-0.82879740 -0.37159310 -0.41834620 0.00000000
0.29658960 0.34808090 0.26244390 1.00000000

0.13551520 0.57751950 -0.80505070 0.00000000
0.26062550 -0.80470870 -0.53340270 0.00000000
-0.95588180 -0.13753240 -0.25956660 0.00000000
0.31150900 0.32916210 0.24969120 1.00000000

0.18283070 0.53289780 -0.82619170 0.00000000
0.19308120 -0.84345340 -0.50130430 0.00000000
-0.96399820 -0.06786825 -0.25710160 0.00000000
0.30004240 0.32192220 0.27120140 1.00000000

0.18472110 0.52664580 -0.82977240 0.00000000
0.24945910 -0.84177610 -0.47873080 0.00000000
-0.95060410 -0.11856250 -0.28687020 0.00000000
0.30428380 0.30343260 0.26017900 1.00000000

0.13786700 0.55587440 -0.81975360 0.00000000
0.08357227 -0.83123460 -0.54960430 0.00000000
-0.98691870 0.00726372 -0.16105530 0.00000000
0.31833350 0.30805670 0.23574190 1.00000000

-0.26564370 0.70019960 -0.66268680 0.00000000
0.52795110 -0.46949320 -0.70770320 0.00000000
-0.80666050 -0.53786310 -0.24495310 0.00000000
0.23477690 0.39773490 0.22373370 1.00000000

-0.30587530 0.77011660 -0.55978650 0.00000000
0.46733030 -0.39081400 -0.79301140 0.00000000
-0.82948340 -0.50416760 -0.24035840 0.00000000
0.25368360 0.38109470 0.19800980 1.00000000

-0.81611530 0.28004600 0.50550020 0.00000000
-0.57776700 -0.37740480 -0.72370650 0.00000000
-0.01189308 -0.88268910 0.46980720 0.00000000
0.04800956 0.86951860 -0.05780052 1.00000000

-0.79619140 0.56522390 0.21587330 0.00000000
-0.60271690 -0.70966010 -0.36484940 0.00000000
-0.05302516 -0.42060060 0.90569530 0.00000000
-0.02713444 0.82043360 -0.15192530 1.00000000

0.21472540 -0.02611859 0.97632520 0.00000000
-0.47030250 -0.87887880 0.07992300 0.00000000
0.85598390 -0.47632970 -0.20100120 0.00000000
-0.03733598 -0.06796837 -0.05944160 1.00000000

0.32417920 0.02531827 0.94565680 0.00000000
0.94558400 0.02081658 -0.32471170 0.00000000
-0.02790639 0.99946290 -0.01719227 0.00000000
-0.10932570 -0.53224180 -0.06712354 1.00000000

0.25823260 -0.07722166 0.96299170 0.00000000
0.77723620 -0.57541400 -0.25456320 0.00000000
0.57377670 0.81420860 -0.08857122 0.00000000
-0.23570810 -0.43867660 -0.02573033 1.00000000

-0.89246180 -0.41779160 -0.17018370 0.00000000
0.44959470 -0.85475000 -0.25935970 0.00000000
-0.03710639 -0.30798220 0.95066850 0.00000000
-0.18125560 0.63896590 -0.24522120 1.00000000

-0.77802250 -0.00402336 -0.62822350 0.00000000
0.16262550 -0.96718490 -0.19520930 0.00000000
-0.60682310 -0.25404240 0.75314600 0.00000000
-0.07604275 0.43893980 -0.30591580 1.00000000

-0.78669770 0.04578900 -0.61563810 0.00000000
-0.22062850 -0.95223800 0.21110730 0.00000000
-0.57656750 0.30190470 0.75922570 0.00000000
-0.04771578 0.32177310 -0.32556380 1.00000000

-0.58920760 -0.48036600 -0.64967950 0.00000000
0.12546000 -0.84871720 0.51375000 0.00000000
-0.79818200 0.22119640 0.56033740 0.00000000
-0.05435734 0.39676400 -0.28657730 1.00000000

-0.72621680 0.14183910 -0.67267450 0.00000000
-0.67683320 -0.31894560 0.66345400 0.00000000
-0.12044270 0.93709980 0.32762500 0.00000000
-0.07317679 0.26760020 -0.30141290 1.00000000

-0.75407020 0.12052050 -0.64564160 0.00000000
-0.55056060 -0.65201040 0.52131180 0.00000000
-0.35813620 0.74857030 0.55801530 0.00000000
-0.05551903 0.28865020 -0.31831840 1.00000000

-0.77693120 -0.00049365 -0.62958550 0.00000000
-0.17714330 -0.95942930 0.21935320 0.00000000
-0.60415080 0.28194900 0.74532320 0.00000000
-0.02673432 0.28855540 -0.30622650 1.00000000

-0.77607770 0.01093348 -0.63054280 0.00000000
-0.33949670 -0.84984540 0.40311910 0.00000000
-0.53145630 0.52691870 0.66325800 0.00000000
-0.03174230 0.26115360 -0.29992010 1.00000000

-0.77960030 -0.05327253 -0.62400790 0.00000000
0.03700131 -0.99855320 0.03902042 0.00000000
-0.62518370 0.00733113 0.78044350 0.00000000
-0.02779529 0.31969060 -0.30736880 1.00000000

-0.75708320 0.15097330 -0.63563550 0.00000000
-0.40900780 -0.86820790 0.28094170 0.00000000
-0.50944900 0.47267580 0.71905480 0.00000000
-0.06461798 0.32048400 -0.33867150 1.00000000

-0.70178350 0.20836680 -0.68123660 0.00000000
-0.69852270 -0.38903540 0.60059830 0.00000000
-0.13988030 0.89734890 0.41856760 0.00000000
-0.07618654 0.29599240 -0.33076800 1.00000000

-0.68257150 0.21580900 -0.69822810 0.00000000
-0.69943700 0.08405763 0.70973410 0.00000000
0.21185850 0.97281090 0.09356945 0.00000000
-0.09490597 0.28552010 -0.31457270 1.00000000

-0.72719200 0.19694780 -0.65757390 0.00000000
-0.53807830 -0.75836310 0.36791030 0.00000000
-0.42622040 0.62136750 0.65744880 0.00000000
-0.08283336 0.33088430 -0.34966690 1.00000000

-0.63792460 0.24972170 -0.72848580 0.00000000
-0.73186620 0.09776647 0.67439900 0.00000000
0.23963360 0.96336960 0.12039520 0.00000000
-0.09709960 0.31087600 -0.34000540 1.00000000

-0.61327800 0.25419180 -0.74784820 0.00000000
-0.54543860 0.54852520 0.63373310 0.00000000
0.57130320 0.79655950 -0.19775240 0.00000000
-0.11279210 0.31296300 -0.32547160 1.00000000

-0.67151430 -0.20053910 -0.71333920 0.00000000
0.05465665 -0.97346450 0.22221530 0.00000000
-0.73897320 0.11023180 0.66465620 0.00000000
-0.04672093 0.36423860 -0.26285990 1.00000000

-0.72167520 -0.13648620 -0.67864310 0.00000000
0.01279151 -0.98283180 0.18406060 0.00000000
-0.69211360 0.12415100 0.71103110 0.00000000
-0.04454627 0.32994460 -0.25475450 1.00000000

-1.00000000 0.00000000 0.00000000 0.00000000
0.00000000 1.00000000 0.00000000 0.00000000
0.00000000 0.00000000 -1.00000000 0.00000000
0.00000000 -0.53900000 0.00000000 1.00000000

-0.27028990 0.09756047 -0.95782330 0.00000000
0.18662900 0.98129180 0.04728569 0.00000000
0.94451740 -0.16597670 -0.28344090 0.00000000
-0.00090226 0.41787550 0.00570647 1.00000000

0.30001020 -0.01057643 0.95387760 0.00000000
-0.17342980 -0.98387910 0.04363748 0.00000000
0.93803850 -0.17852240 -0.29700800 0.00000000
-0.03991981 0.37399140 -0.07209212 1.00000000

0.22029130 -0.01223868 0.97535780 0.00000000
0.59951850 -0.78706500 -0.14528130 0.00000000
0.76944750 0.61674890 -0.16604610 0.00000000
0.00578852 0.35787080 0.08204567 1.00000000

-0.68184290 -0.06114778 -0.72893870 0.00000000
0.18279210 0.95064320 -0.25072780 0.00000000
0.70829210 -0.30420110 -0.63701200 0.00000000
0.11022890 0.95764210 -0.01812689 1.00000000

-0.53529700 0.03422068 -0.84397060 0.00000000
0.28452130 0.94809200 -0.14201810 0.00000000
0.79530170 -0.31614940 -0.51724730 0.00000000
0.07542394 0.90016350 0.00161794 1.00000000

0.40875060 -0.86543170 -0.28974280 0.00000000
-0.18285780 -0.38869820 0.90303760 0.00000000
-0.89414000 -0.31613520 -0.31713160 0.00000000
0.14807280 0.81991900 0.15958420 1.00000000

0.77508670 -0.23112280 -0.58806730 0.00000000
0.43175780 -0.48579280 0.75999390 0.00000000
-0.46133080 -0.84296330 -0.27674250 0.00000000
0.09191867 0.88310090 0.06073995 1.00000000

-0.35797050 0.01774284 -0.93356440 0.00000000
0.19939450 0.97820920 -0.05786549 0.00000000
0.91219470 -0.20686170 -0.35370790 0.00000000
0.04614678 0.75653270 0.01011436 1.00000000

-0.34056790 0.03382371 -0.93961140 0.00000000
0.17535450 0.98410320 -0.02813307 0.00000000
0.92372310 -0.17434630 -0.34108520 0.00000000
0.02326024 0.62809160 0.01378616 1.00000000

0.13286810 0.12858840 0.98275730 0.00000000
-0.83752550 -0.51565240 0.18070310 0.00000000
0.52999730 -0.84709380 0.03918242 0.00000000
0.26232140 0.02108699 0.01988002 1.00000000

0.03560956 0.21662330 0.97560600 0.00000000
0.07701007 -0.97391690 0.21343750 0.00000000
0.99639430 0.06753106 -0.05136280 0.00000000
-0.09089442 -0.19638290 0.09608930 1.00000000

-0.08386590 0.20516970 0.97512690 0.00000000
0.63775000 -0.74085680 0.21072850 0.00000000
0.76566420 0.63956000 -0.06871429 0.00000000
-0.07843244 -0.35398490 0.13062840 1.00000000

-0.32356380 0.05038857 -0.94486390 0.00000000
0.15039110 0.98862580 0.00122166 0.00000000
0.93417840 -0.14170380 -0.32746150 0.00000000
0.00608537 0.51518920 0.01364665 1.00000000

0.38222930 0.10345600 -0.91825800 0.00000000
0.22723470 -0.97372260 -0.01511762 0.00000000
-0.89569270 -0.20288170 -0.39569400 0.00000000
0.10133290 0.72056470 0.39040770 1.00000000

0.17793160 0.71396830 -0.67719250 0.00000000
0.67106850 -0.59136710 -0.44715970 0.00000000
-0.71972740 -0.37487860 -0.58434470 0.00000000
0.15451510 0.49267380 0.38686950 1.00000000

-0.19113790 0.87000920 -0.45447810 0.00000000
0.24152900 -0.40709120 -0.88087500 0.00000000
-0.95138340 -0.27813810 -0.13232190 0.00000000
0.17747730 0.48541830 0.34290640 1.00000000

0.18133980 0.70355340 -0.68711600 0.00000000
0.41587810 -0.68801160 -0.59471450 0.00000000
-0.89115740 -0.17791110 -0.41735640 0.00000000
0.26500280 0.40921010 0.31027590 1.00000000

0.18666470 0.69275160 -0.69660000 0.00000000
0.32250190 -0.71297780 -0.62261970 0.00000000
-0.92798110 -0.10843360 -0.35650150 0.00000000
0.27816640 0.38753280 0.29140890 1.00000000

0.14368240 0.74313590 -0.65353260 0.00000000
0.68586200 -0.55083950 -0.47557300 0.00000000
-0.71340660 -0.37990140 -0.58883430 0.00000000
0.24147710 0.42818960 0.32653340 1.00000000

0.11958060 0.73904230 -0.66296070 0.00000000
0.57853530 -0.59453560 -0.55841260 0.00000000
-0.80684420 -0.31677090 -0.49865680 0.00000000
0.28701720 0.41781030 0.28151690 1.00000000

0.10772200 0.74937800 -0.65332100 0.00000000
0.68471100 -0.53237070 -0.49774710 0.00000000
-0.72080980 -0.39371770 -0.57045560 0.00000000
0.26591360 0.43416180 0.29689720 1.00000000

0.06838791 0.77264400 -0.63114510 0.00000000
0.82237290 -0.40181880 -0.40279580 0.00000000
-0.56482370 -0.49149020 -0.66288130 0.00000000
0.23880430 0.44759400 0.31003710 1.00000000

0.27042010 0.63765970 -0.72129270 0.00000000
0.57870330 -0.70640890 -0.40754030 0.00000000
-0.76939960 -0.30720730 -0.56004290 0.00000000
0.22405200 0.40426230 0.35987220 1.00000000

0.23269010 0.66909740 -0.70580710 0.00000000
0.52936200 -0.69594050 -0.48522470 0.00000000
-0.81586250 -0.26072060 -0.51613320 0.00000000
0.23817880 0.41071240 0.34114530 1.00000000

0.24998980 0.63068400 -0.73467200 0.00000000
0.22580840 -0.77581660 -0.58916830 0.00000000
-0.94154980 -0.01860901 -0.33635980 0.00000000
0.25262480 0.39178450 0.32787130 1.00000000

0.29993200 0.58386060 -0.75441880 0.00000000
0.15930030 -0.81037780 -0.56383610 0.00000000
-0.94056590 0.04893328 -0.33606730 0.00000000
0.23985450 0.38489110 0.34878840 1.00000000

0.30223690 0.57384650 -0.76115260 0.00000000
0.18207460 -0.81854770 -0.54482010 0.00000000
-0.93568260 0.02607824 -0.35187800 0.00000000
0.24335820 0.36712880 0.33639610 1.00000000

0.25143310 0.60838520 -0.75276100 0.00000000
0.03207482 -0.78255640 -0.62175290 0.00000000
-0.96734310 0.13218450 -0.21627440 0.00000000
0.25853320 0.37143430 0.31245840 1.00000000

-0.13749140 0.76697220 -0.62677710 0.00000000
0.54643490 -0.46904900 -0.69383170 0.00000000
-0.82613870 -0.43788880 -0.35461030 0.00000000
0.18633840 0.47270410 0.30592070 1.00000000

-0.19226260 0.83783510 -0.51094760 0.00000000
0.48849980 -0.36985920 -0.79029890 0.00000000
-0.85111870 -0.40154250 -0.33817200 0.00000000
0.20595820 0.45610490 0.28070950 1.00000000

-0.89534070 0.26553120 0.35757320 0.00000000
-0.43886100 -0.38909210 -0.80994360 0.00000000
-0.07593645 -0.88210020 0.46490130 0.00000000
0.04847095 0.88509180 -0.05410461 1.00000000

-0.90105410 0.42862330 0.06621146 0.00000000
-0.40897380 -0.78889160 -0.45868380 0.00000000
-0.14436890 -0.44037740 0.88612960 0.00000000
-0.00860701 0.83448690 -0.15944530 1.00000000

0.19790430 -0.06386675 0.97813880 0.00000000
-0.52717030 -0.84821130 0.05127775 0.00000000
0.82639320 -0.52579360 -0.20153320 0.00000000
-0.11410600 -0.04687184 -0.05342580 1.00000000

0.33508130 0.01818084 0.94201400 0.00000000
0.94217230 -0.00045015 -0.33512900 0.00000000
-0.00566892 0.99983470 -0.01728037 0.00000000
-0.24165770 -0.53197600 -0.06699178 1.00000000

0.24515960 -0.08441200 0.96580120 0.00000000
0.58305200 -0.78307270 -0.21644360 0.00000000
0.77456270 0.61617540 -0.14276120 0.00000000
-0.33646470 -0.40464450 -0.03179700 1.00000000

-0.73071320 -0.59717640 -0.33081550 0.00000000
0.66381270 -0.73467020 -0.14004420 0.00000000
-0.15940920 -0.32193150 0.93324660 0.00000000
-0.11318590 0.63275890 -0.27673570 1.00000000

-0.56858500 -0.23427790 -0.78855900 0.00000000
0.41884550 -0.90747940 -0.03239714 0.00000000
-0.70801120 -0.34870480 0.61410550 0.00000000
0.04215760 0.46083350 -0.30950840 1.00000000

-0.59485550 -0.20748170 -0.77659440 0.00000000
-0.08632102 -0.94403910 0.31833790 0.00000000
-0.79918450 0.25640120 0.54365680 0.00000000
0.09997581 0.35327120 -0.30754390 1.00000000

-0.29232290 -0.66887120 -0.68349040 0.00000000
0.19762210 -0.74153290 0.64115110 0.00000000
-0.93567810 0.05235028 0.34895090 0.00000000
0.06696214 0.42657410 -0.28062850 1.00000000

-0.54361500 -0.10962320 -0.83214540 0.00000000
-0.73894540 -0.40767290 0.53643540 0.00000000
-0.39804880 0.90652390 0.14061160 0.00000000
0.08005693 0.29780550 -0.28085730 1.00000000

-0.57115620 -0.13296300 -0.81000120 0.00000000
-0.52379920 -0.70072730 0.48437210 0.00000000
-0.63199320 0.70092970 0.33057880 0.00000000
0.09687643 0.32039260 -0.29659370 1.00000000

-0.55815350 -0.26786880 -0.78530960 0.00000000
0.02177145 -0.95085740 0.30886330 0.00000000
-0.82945230 0.15529580 0.53655620 0.00000000
0.12246430 0.32780120 -0.27883380 1.00000000

-0.56020560 -0.25944030 -0.78667720 0.00000000
-0.18507160 -0.88648060 0.42414720 0.00000000
-0.80741490 0.38320100 0.44859640 0.00000000
0.12312290 0.30066160 -0.26996060 1.00000000

-0.54974890 -0.31605910 -0.77322900 0.00000000
0.25830200 -0.94461020 0.20246440 0.00000000
-0.79439080 -0.08842199 0.60093710 0.00000000
0.11447730 0.35728590 -0.28505370 1.00000000

-0.58216710 -0.08482764 -0.80863220 0.00000000
-0.27246030 -0.91668730 0.29231820 0.00000000
-0.76605960 0.39049810 0.51055310 0.00000000
0.08775225 0.34705250 -0.32400810 1.00000000

-0.53141190 -0.01998352 -0.84687810 0.00000000
-0.72555300 -0.50526620 0.46720360 0.00000000
-0.43723510 0.86273220 0.25400530 0.00000000
0.08004298 0.32118430 -0.31579010 1.00000000

-0.51155850 -0.00952810 -0.85919580 0.00000000
-0.85796420 -0.04899516 0.51136850 0.00000000
-0.04696873 0.99875350 0.01688915 0.00000000
0.06058370 0.30760590 -0.30316710 1.00000000

-0.57089140 -0.05834886 -0.81894990 0.00000000
-0.43909220 -0.82113790 0.36459650 0.00000000
-0.69374460 0.56773930 0.44316010 0.00000000
0.07114346 0.35194710 -0.34016540 1.00000000

-0.47995000 0.00640657 -0.87727280 0.00000000
-0.87729240 -0.00641178 0.47991390 0.00000000
-0.00255017 0.99995910 0.00869787 0.00000000
0.05950347 0.33026060 -0.33060430 1.00000000

-0.45251630 0.01442107 -0.89163980 0.00000000
-0.78366160 0.47072580 0.40532980 0.00000000
0.42556320 0.88216190 -0.20170980 0.00000000
0.04067687 0.33012250 -0.32024180 1.00000000

-0.43463590 -0.41488950 -0.79934900 0.00000000
0.23079950 -0.90923940 0.34643230 0.00000000
-0.87053070 -0.03391755 0.49094460 0.00000000
0.07626712 0.39922390 -0.25157480 1.00000000

-0.49901350 -0.37831000 -0.77965860 0.00000000
0.21028700 -0.92565270 0.31455780 0.00000000
-0.84069340 -0.00698356 0.54146670 0.00000000
0.08457389 0.36727540 -0.23905260 1.00000000

-1.00000000 0.00000000 0.00000000 0.00000000
0.00000000 1.00000000 0.00000000 0.00000000
0.00000000 0.00000000 -1.00000000 0.00000000
0.00000000 -0.53900000 0.00000000 1.00000000

-0.20976810 0.05808879 -0.97602420 0.00000000
0.18604540 0.98236730 0.01848125 0.00000000
0.95988770 -0.17770810 -0.21687640 0.00000000
0.00353855 0.43310590 0.01539835 1.00000000

0.30157360 -0.07619820 0.95039330 0.00000000
-0.38837480 -0.92017320 0.04946168 0.00000000
0.87075740 -0.38402500 -0.30709340 0.00000000
-0.03067395 0.38606330 -0.06281482 1.00000000

0.21027090 0.00136988 0.97764240 0.00000000
0.66965990 -0.72876910 -0.14300900 0.00000000
0.71227940 0.68475840 -0.15415620 0.00000000
0.00528942 0.37629460 0.09440727 1.00000000

-0.60796280 -0.10182750 -0.78740870 0.00000000
0.20245510 0.93907550 -0.27775760 0.00000000
0.76771960 -0.32828120 -0.55030750 0.00000000
0.11012020 0.97372700 -0.01528178 1.00000000

-0.42854450 -0.00925406 -0.90347330 0.00000000
0.28773980 0.94648690 -0.14617820 0.00000000
0.85647860 -0.32260910 -0.40294910 0.00000000
0.07389240 0.91648370 0.00248848 1.00000000

0.41901390 -0.90481570 -0.07573821 0.00000000
-0.26850640 -0.20316170 0.94161030 0.00000000
-0.86737080 -0.37421150 -0.32807640 0.00000000
0.12726650 0.84629450 0.17243480 1.00000000

0.84980120 -0.23055990 -0.47400430 0.00000000
0.34895510 -0.42790030 0.83374580 0.00000000
-0.39505500 -0.87392430 -0.28317510 0.00000000
0.08188161 0.90194680 0.06399839 1.00000000

-0.21671950 -0.02467754 -0.97592200 0.00000000
0.18294590 0.98094320 -0.06543064 0.00000000
0.95893880 -0.19272100 -0.20807490 0.00000000
0.04703038 0.77245150 0.01209569 1.00000000

-0.21594940 -0.00661818 -0.97638220 0.00000000
0.16066200 0.98610610 -0.04221822 0.00000000
0.96309580 -0.16598450 -0.21188580 0.00000000
0.02606146 0.64374910 0.01760583 1.00000000

0.08254468 0.10972750 0.99052850 0.00000000
-0.59535650 -0.79164220 0.13730900 0.00000000
0.79921050 -0.60105170 -0.00001889 0.00000000
0.29183570 0.06445557 0.03321397 1.00000000

-0.02043778 0.13795280 0.99022820 0.00000000
0.49256190 -0.86050640 0.13004690 0.00000000
0.87003760 0.49040630 -0.05036343 0.00000000
0.04075164 -0.26940970 0.09112230 1.00000000

-0.12260500 0.08009687 0.98921830 0.00000000
0.88401780 -0.44422160 0.14553490 0.00000000
0.45108880 0.89232980 -0.01634325 0.00000000
0.12045930 -0.40865920 0.11216690 1.00000000

-0.21561400 0.01152718 -0.97641070 0.00000000
0.13811910 0.99023700 -0.01880950 0.00000000
0.96666120 -0.13891660 -0.21510110 0.00000000
0.01028806 0.53066260 0.01975390 1.00000000

0.45528120 -0.04150747 -0.88937990 0.00000000
0.22601700 -0.96080340 0.16054110 0.00000000
-0.86118270 -0.27410620 -0.42805430 0.00000000
0.05863416 0.79436460 0.41311770 1.00000000

0.30520800 0.61070170 -0.73067930 0.00000000
0.61096670 -0.71413120 -0.34166730 0.00000000
-0.73045770 -0.34214110 -0.59107680 0.00000000
0.11153140 0.56949730 0.45069090 1.00000000

-0.05142135 0.83260120 -0.55148110 0.00000000
0.23353190 -0.52687670 -0.81722950 0.00000000
-0.97098890 -0.17081150 -0.16734620 0.00000000
0.13565040 0.55483760 0.40926590 1.00000000

0.29502930 0.61147260 -0.73420670 0.00000000
0.42259770 -0.77267360 -0.47369500 0.00000000
-0.85695360 -0.17052010 -0.48636800 0.00000000
0.21619770 0.46680290 0.39129920 1.00000000

0.30079640 0.59858330 -0.74244200 0.00000000
0.32388010 -0.79634310 -0.51082240 0.00000000
-0.89700840 -0.08680856 -0.43340630 0.00000000
0.22958510 0.44244040 0.37625290 1.00000000

0.25639040 0.65721640 -0.70875330 0.00000000
0.69363490 -0.63577260 -0.33862120 0.00000000
-0.67315320 -0.40479670 -0.61887390 0.00000000
0.19241650 0.48868900 0.40285080 1.00000000

0.24045900 0.64617590 -0.72431810 0.00000000
0.57391670 -0.69645070 -0.43078600 0.00000000
-0.78281510 -0.31211190 -0.53831880 0.00000000
0.24164110 0.47059780 0.36467860 1.00000000

0.22780510 0.65926170 -0.71657470 0.00000000
0.68627640 -0.63077190 -0.36214870 0.00000000
-0.69074600 -0.40926870 -0.59612880 0.00000000
0.22048110 0.48998740 0.37588530 1.00000000

0.18726010 0.68803350 -0.70110190 0.00000000
0.82913190 -0.49344070 -0.26278690 0.00000000
-0.52675830 -0.53209650 -0.66287220 0.00000000
0.19317640 0.50642200 0.38439110 1.00000000

0.38995490 0.52845550 -0.75410230 0.00000000
0.56928990 -0.78203250 -0.25364210 0.00000000
-0.72377100 -0.33039380 -0.60580180 0.00000000
0.17027550 0.47077240 0.43714960 1.00000000

0.35208890 0.56502480 -0.74617740 0.00000000
0.51200670 -0.78363790 -0.35179690 0.00000000
-0.78350700 -0.25818400 -0.56520640 0.00000000
0.18609620 0.47340030 0.41885570 1.00000000

0.36880060 0.52194980 -0.76912620 0.00000000
0.21038080 -0.85285430 -0.47789100 0.00000000
-0.90538750 0.01443719 -0.42434120 0.00000000
0.20007700 0.45207520 0.40921630 1.00000000

0.41928270 0.46863340 -0.77755090 0.00000000
0.15719140 -0.88100800 -0.44622430 0.00000000
-0.89414390 0.06486968 -0.44305650 0.00000000
0.18581050 0.44934250 0.43027700 1.00000000

0.42164780 0.45691550 -0.78322550 0.00000000
0.17120080 -0.88834270 -0.42607280 0.00000000
-0.89045140 0.04556377 -0.45279190 0.00000000
0.18927140 0.43002720 0.42046440 1.00000000

0.36992720 0.49724890 -0.78479180 0.00000000
0.01706438 -0.84820900 -0.52938690 0.00000000
-0.92890420 0.18244250 -0.32226080 0.00000000
0.20557700 0.42971000 0.39672050 1.00000000

0.00944446 0.68093780 -0.73228090 0.00000000
0.56716830 -0.60676990 -0.55691190 0.00000000
-0.82354810 -0.41006660 -0.39193680 0.00000000
0.14475890 0.53719290 0.37442610 1.00000000

-0.06815118 0.78259700 -0.61878730 0.00000000
0.51544140 -0.50342190 -0.69346030 0.00000000
-0.85421080 -0.36620860 -0.36907390 0.00000000
0.16517990 0.51560370 0.35410460 1.00000000

-0.94853430 0.24929200 0.19528530 0.00000000
-0.28744290 -0.41899670 -0.86128880 0.00000000
-0.13288860 -0.87309550 0.46908980 0.00000000
0.05580809 0.89873640 -0.05596329 1.00000000

-0.94620490 0.31998280 -0.04803795 0.00000000
-0.25101920 -0.81959530 -0.51502740 0.00000000
-0.20417170 -0.47526290 0.85582670 0.00000000
0.01842345 0.84424200 -0.16798200 1.00000000

0.14688780 -0.11900170 0.98196880 0.00000000
-0.53195770 -0.84645830 -0.02300676 0.00000000
0.83393350 -0.51898640 -0.18763830 0.00000000
-0.19680470 -0.00754911 -0.04165715 1.00000000

0.35122760 -0.00080092 0.93628980 0.00000000
0.92271330 -0.16938310 -0.34627960 0.00000000
0.15886900 0.98554990 -0.05875302 0.00000000
-0.37986220 -0.52048000 -0.07207067 1.00000000

0.23624700 -0.06616258 0.96943810 0.00000000
0.25411640 -0.95875130 -0.12736010 0.00000000
0.93787650 0.27643840 -0.20968920 0.00000000
-0.42118280 -0.36458260 -0.05136131 1.00000000

-0.46323880 -0.77467510 -0.43045170 0.00000000
0.84847510 -0.52793920 0.03701839 0.00000000
-0.25592960 -0.34807910 0.90185420 0.00000000
-0.04576481 0.63466280 -0.29967990 1.00000000

-0.19991720 -0.38590040 -0.90061860 0.00000000
0.67684820 -0.71900250 0.15783560 0.00000000
-0.70845580 -0.57802800 0.40493690 0.00000000
0.15279290 0.51111600 -0.29101700 1.00000000

-0.23772030 -0.39068910 -0.88929830 0.00000000
0.07462284 -0.92018350 0.38430990 0.00000000
-0.96846310 0.02499622 0.24790070 0.00000000
0.23862680 0.42841150 -0.26439060 1.00000000

0.15635370 -0.73998940 -0.65419370 0.00000000
0.21396830 -0.62123470 0.75384680 0.00000000
-0.96424660 -0.25784360 0.06120200 0.00000000
0.17741600 0.48609310 -0.25372640 1.00000000

-0.20302740 -0.28613720 -0.93643240 0.00000000
-0.70719610 -0.61860480 0.34234820 0.00000000
-0.67723980 0.73174710 -0.07676131 0.00000000
0.22750980 0.36994050 -0.23862860 1.00000000

-0.22661920 -0.31509770 -0.92160590 0.00000000
-0.42486210 -0.81947340 0.38465030 0.00000000
-0.87643390 0.47872440 0.05183543 0.00000000
0.24118470 0.39633330 -0.25116330 1.00000000

-0.15947230 -0.45054020 -0.87839750 0.00000000
0.24527630 -0.87996640 0.40681500 0.00000000
-0.95624700 -0.15057440 0.25083710 0.00000000
0.25824230 0.41140290 -0.22730630 1.00000000

-0.16331910 -0.44554530 -0.88023640 0.00000000
0.02359752 -0.89372490 0.44799430 0.00000000
-0.98629110 0.05239453 0.15647620 0.00000000
0.26525800 0.38630030 -0.21562940 1.00000000

-0.14087770 -0.49077960 -0.85981920 0.00000000
0.46889840 -0.79797120 0.37865010 0.00000000
-0.87194490 -0.34982460 0.34254220 0.00000000
0.24364160 0.43633710 -0.23900830 1.00000000

-0.25370960 -0.25426540 -0.93326340 0.00000000
-0.04224708 -0.96099900 0.27330670 0.00000000
-0.96635740 0.10876810 0.23307280 0.00000000
0.23456140 0.41898550 -0.28319960 1.00000000

-0.21826580 -0.17673750 -0.95975190 0.00000000
-0.62301680 -0.73173420 0.27643390 0.00000000
-0.75113950 0.65827750 0.04960217 0.00000000
0.23335990 0.39186080 -0.27552260 1.00000000

-0.20161000 -0.16076390 -0.96618230 0.00000000
-0.89972310 -0.35946630 0.24755400 0.00000000
-0.38710760 0.91920600 -0.07217100 0.00000000
0.21663220 0.37220780 -0.26801810 1.00000000

-0.25383820 -0.25029140 -0.93430210 0.00000000
-0.27714260 -0.90661940 0.31817150 0.00000000
-0.92669210 0.33969910 0.16076830 0.00000000
0.22290280 0.41861080 -0.30381020 1.00000000

-0.17123770 -0.16216300 -0.97179270 0.00000000
-0.94323890 -0.25791030 0.20924370 0.00000000
-0.28456700 0.95246300 -0.10879430 0.00000000
0.21556460 0.39465180 -0.29548440 1.00000000

-0.14356750 -0.14658260 -0.97872480 0.00000000
-0.96794090 0.22676360 0.10802350 0.00000000
0.20610480 0.96285610 -0.17443900 0.00000000
0.19530350 0.38911830 -0.29093340 1.00000000

-0.04274151 -0.53941100 -0.84095720 0.00000000
0.40891350 -0.77744070 0.47788690 0.00000000
-0.91157170 -0.32345320 0.25380160 0.00000000
0.18546480 0.46394940 -0.22020620 1.00000000

-0.10884470 -0.54025540 -0.83443230 0.00000000
0.40481890 -0.79075040 0.45916830 0.00000000
-0.90789590 -0.28781590 0.30477460 0.00000000
0.19991680 0.43669950 -0.20302790 1.00000000

-1.00000000 0.00000000 0.00000000 0.00000000
0.00000000 1.00000000 0.00000000 0.00000000
0.00000000 0.00000000 -1.00000000 0.00000000
0.00000000 -0.53900000 0.00000000 1.00000000

-0.15495690 0.02937464 -0.98748440 0.00000000
0.18653290 0.98244870 -0.00004606 0.00000000
0.97015150 -0.18420540 -0.15771660 0.00000000
0.01335287 0.43933110 0.02477958 1.00000000

0.26178400 -0.09490342 0.96044930 0.00000000
-0.46857200 -0.88249590 0.04051517 0.00000000
0.84374730 -0.46064570 -0.27549230 0.00000000
-0.01653537 0.39001320 -0.05380321 1.00000000

0.18410400 0.00194322 0.98290490 0.00000000
0.65991410 -0.74134690 -0.12214030 0.00000000
0.72843600 0.67111940 -0.13776730 0.00000000
0.01059465 0.38486960 0.10539820 1.00000000

-0.53859750 -0.13295600 -0.83200690 0.00000000
0.22431950 0.92920430 -0.29370090 0.00000000
0.81215370 -0.34482190 -0.47064250 0.00000000
0.11603350 0.98035600 -0.01335439 1.00000000

-0.33048160 -0.04675837 -0.94265350 0.00000000
0.29125130 0.94497450 -0.14898230 0.00000000
0.89774980 -0.32378490 -0.29867820 0.00000000
0.07875580 0.92323740 0.00254792 1.00000000

0.43830940 -0.89714910 0.05485003 0.00000000
-0.31696630 -0.09717602 0.94344540 0.00000000
-0.84108110 -0.43090650 -0.32695910 0.00000000
0.11548890 0.85972290 0.17895460 1.00000000

0.89440390 -0.22545610 -0.38627880 0.00000000
