MeshAnim
1
17
53
30
-0.99915700 -0.01557374 -0.03798938 0.00000000
-0.01549645 0.99987720 -0.00232805 0.00000000
0.03802097 -0.00173739 -0.99927570 0.00000000
-0.00021171 0.86637690 -0.00647096 1.00000000

0.99505170 -0.06928518 -0.07121798 0.00000000
-0.09824715 -0.79307350 -0.60115070 0.00000000
-0.01483026 0.60517270 -0.79595630 0.00000000
-0.08037424 0.81111480 -0.00190179 1.00000000

0.99285700 0.10224460 0.06149613 0.00000000
0.11515760 -0.68633310 -0.71811300 0.00000000
-0.03121633 0.72006490 -0.69320450 0.00000000
0.08113560 0.81362720 0.00207848 1.00000000

-0.99671490 -0.06600676 -0.04693272 0.00000000
-0.05156554 0.96403430 -0.26072750 0.00000000
0.06245454 -0.25745080 -0.96427120 0.00000000
-0.01059375 1.40145400 -0.11820130 1.00000000

-0.99628450 -0.05661410 -0.06490137 0.00000000
-0.02824809 0.92669960 -0.37473990 0.00000000
0.08135964 -0.37151410 -0.92485580 0.00000000
-0.01029996 1.34650500 -0.07477842 1.00000000

0.21943680 -0.77608100 -0.59122430 0.00000000
0.05176322 -0.59587940 0.80140410 0.00000000
-0.97425270 -0.20646110 -0.09058544 0.00000000
0.16309600 1.27333600 -0.03649922 1.00000000

0.08673415 -0.26563210 -0.96016520 0.00000000
0.86159930 -0.46384010 0.20615310 0.00000000
-0.50012400 -0.84515790 0.18863770 0.00000000
0.05103692 1.33366300 -0.06331134 1.00000000

-0.99544300 -0.04719087 -0.08286434 0.00000000
-0.02554559 0.96917090 -0.24506150 0.00000000
0.09187438 -0.24182790 -0.96596010 0.00000000
-0.00654909 1.20420100 -0.03879594 1.00000000

-0.99630390 -0.03676183 -0.07763577 0.00000000
-0.02052790 0.97950400 -0.20037600 0.00000000
0.08341072 -0.19804160 -0.97663840 0.00000000
-0.00386988 1.07636000 -0.01264371 1.00000000

0.95925020 0.23037660 0.16360470 0.00000000
0.05883833 -0.72917600 0.68179240 0.00000000
0.27636560 -0.64438310 -0.71301720 0.00000000
0.13041130 0.51994650 -0.30520080 1.00000000

0.93750150 0.27053070 0.21887180 0.00000000
0.33161740 -0.88517860 -0.32632750 0.00000000
0.10545890 0.37851390 -0.91956860 0.00000000
0.15522570 0.21242560 -0.01766346 1.00000000

0.91811360 0.22987160 0.32284270 0.00000000
0.39602400 -0.56352710 -0.72498500 0.00000000
0.01527707 0.79347150 -0.60841610 0.00000000
0.20888890 0.06918347 -0.07047067 1.00000000

-0.99708980 -0.02631189 -0.07155395 0.00000000
-0.01491750 0.98774790 -0.15534350 0.00000000
0.07476464 -0.15382390 -0.98526590 0.00000000
-0.00216628 0.96355820 0.00509672 1.00000000

0.13734180 0.05342595 -0.98908200 0.00000000
0.11607000 -0.99253300 -0.03749509 0.00000000
-0.98369970 -0.10965300 -0.14251740 0.00000000
0.17632700 1.12102500 0.16834590 1.00000000

-0.01999690 -0.11322740 -0.99336810 0.00000000
0.09424158 -0.98935630 0.11087310 0.00000000
-0.99534850 -0.09139936 0.03045479 0.00000000
0.20349210 0.88873140 0.15957060 1.00000000

-0.14743330 0.37053410 -0.91704330 0.00000000
-0.14221680 -0.92548220 -0.35107970 0.00000000
-0.97879420 0.07865809 0.18914320 0.00000000
0.19480000 0.84545880 0.13580950 1.00000000

-0.09919415 -0.21524650 -0.97150900 0.00000000
-0.87426340 -0.44740620 0.18839200 0.00000000
-0.47520970 0.86804180 -0.14380200 0.00000000
0.20057230 0.73669990 0.16851510 1.00000000

-0.14317180 -0.22770580 -0.96314730 0.00000000
-0.97963390 -0.10582630 0.17064190 0.00000000
-0.14078240 0.96796230 -0.20791700 0.00000000
0.17292770 0.72253630 0.17437310 1.00000000

-0.04129790 -0.16125270 -0.98604900 0.00000000
-0.50981630 -0.84535000 0.15959600 0.00000000
-0.85929150 0.50929450 -0.04729809 0.00000000
0.21806580 0.76569760 0.16293950 1.00000000

-0.09100679 -0.15947780 -0.98299790 0.00000000
-0.91989310 -0.36464710 0.14432350 0.00000000
-0.38146360 0.91738740 -0.11351720 0.00000000
0.17644510 0.71887910 0.14461560 1.00000000

-0.05365709 -0.13898400 -0.98884020 0.00000000
-0.77624830 -0.61711750 0.12885880 0.00000000
-0.62813990 0.77449940 -0.07477341 0.00000000
0.20036530 0.73790240 0.14071270 1.00000000

-0.00835611 -0.07684314 -0.99700830 0.00000000
-0.37555560 -0.92381290 0.07434935 0.00000000
-0.92676230 0.37505330 -0.02113942 0.00000000
0.21275070 0.76835560 0.13802990 1.00000000

-0.03583558 -0.18252820 -0.98254750 0.00000000
-0.47952580 -0.85946060 0.17715170 0.00000000
-0.87679590 0.47750520 -0.05672772 0.00000000
0.21572710 0.78267270 0.20409780 1.00000000

-0.07178883 -0.23171420 -0.97013150 0.00000000
-0.51965780 -0.82151400 0.23467150 0.00000000
-0.85135330 0.52098310 -0.06143657 0.00000000
0.21828900 0.76669060 0.18593530 1.00000000

-0.15214270 -0.29043990 -0.94472080 0.00000000
-0.93944720 -0.25447300 0.22952740 0.00000000
-0.30706970 0.92243590 -0.23413690 0.00000000
0.20411820 0.74428050 0.19226870 1.00000000

-0.08891718 -0.23862960 -0.96703160 0.00000000
-0.83282240 -0.51473810 0.20359640 0.00000000
-0.54635220 0.82346870 -0.15296700 0.00000000
0.20261700 0.75918520 0.20902490 1.00000000

-0.13788730 -0.25731790 -0.95643860 0.00000000
-0.96195880 -0.19514940 0.19118580 0.00000000
-0.23584400 0.94641660 -0.22062070 0.00000000
0.18434270 0.74788520 0.21346360 1.00000000

-0.19214710 -0.29577150 -0.93573450 0.00000000
-0.98043070 0.01622891 0.19619530 0.00000000
-0.04284311 0.95512100 -0.29310180 0.00000000
0.17950700 0.73762240 0.19831530 1.00000000

-0.26728390 0.04287109 -0.96266420 0.00000000
-0.24169150 -0.97005860 0.02390537 0.00000000
-0.93281560 0.23905720 0.26964260 0.00000000
0.18852850 0.81003810 0.11808500 1.00000000

-0.21188450 0.53063460 -0.82069030 0.00000000
0.02492888 -0.83654920 -0.54732500 0.00000000
-0.97697690 -0.13642840 0.16402360 0.00000000
0.17972810 0.77513290 0.11858650 1.00000000

-0.12768570 0.26125320 0.95678820 0.00000000
-0.81004080 -0.58411720 0.05139273 0.00000000
0.57230290 -0.76847510 0.28620920 0.00000000
-0.07115177 1.32766000 -0.07402733 1.00000000

-0.10224430 0.41692580 0.90317180 0.00000000
-0.28495760 -0.88215640 0.37496590 0.00000000
0.95307170 -0.21902750 0.20900170 0.00000000
-0.17650510 1.25169100 -0.06734324 1.00000000

0.99938760 -0.02019278 0.02858706 0.00000000
-0.03267983 -0.83078400 0.55563500 0.00000000
0.01252984 -0.55622880 -0.83093510 0.00000000
-0.12240030 0.47187040 -0.25904940 1.00000000

0.99722310 0.00639636 -0.07419980 0.00000000
-0.07430986 0.01914646 -0.99705150 0.00000000
-0.00495683 0.99979630 0.01956881 0.00000000
-0.14658750 0.00831085 -0.14101140 1.00000000

0.99505260 -0.09907807 0.00737559 0.00000000
-0.06397687 -0.69578270 -0.71539770 0.00000000
0.07601202 0.71138610 -0.69867910 0.00000000
-0.13618460 0.12144840 -0.02468435 1.00000000

-0.23114120 -0.25865280 0.93790890 0.00000000
-0.08125734 -0.95551370 -0.28353310 0.00000000
0.96952120 -0.14174810 0.19984120 0.00000000
-0.24937180 1.02611400 0.02853952 1.00000000

-0.52929010 -0.23142650 0.81626860 0.00000000
-0.11528150 -0.93354140 -0.33942710 0.00000000
0.84057280 -0.27375600 0.46743500 0.00000000
-0.26838740 0.80250720 -0.03781209 1.00000000

-0.54401670 -0.19578040 0.81591460 0.00000000
0.35536720 -0.93464080 0.01267475 0.00000000
0.76010540 0.29684460 0.57803420 0.00000000
-0.27941000 0.69157870 -0.08771013 1.00000000

-0.47233730 -0.70662980 0.52685130 0.00000000
0.39002900 -0.70358900 -0.59400380 0.00000000
0.79042730 -0.07508281 0.60793730 0.00000000
-0.24760330 0.76801730 -0.06945837 1.00000000

-0.60250390 -0.12733260 0.78789350 0.00000000
0.77147380 -0.34585340 0.53405410 0.00000000
0.20449320 0.92960840 0.30661180 0.00000000
-0.24420420 0.64080170 -0.07362088 1.00000000

-0.58568480 -0.13685720 0.79890160 0.00000000
0.70830400 -0.56560100 0.42237560 0.00000000
0.39405440 0.81324410 0.42820050 0.00000000
-0.26713390 0.65902890 -0.08713727 1.00000000

-0.56223860 -0.19618750 0.80336700 0.00000000
0.66366010 -0.68664090 0.29678220 0.00000000
0.49339960 0.70002480 0.51625800 0.00000000
-0.25685400 0.66564310 -0.11450720 1.00000000

-0.58570790 -0.17858050 0.79060480 0.00000000
0.76768690 -0.43513280 0.47044280 0.00000000
0.26000620 0.88247850 0.39195440 0.00000000
-0.23786230 0.64604510 -0.10608400 1.00000000

-0.52691420 -0.26308990 0.80817410 0.00000000
0.21695830 -0.96101680 -0.17139310 0.00000000
0.82176060 0.08503067 0.56345320 0.00000000
-0.26355490 0.69563290 -0.10926000 1.00000000

-0.56548420 -0.13248180 0.81404950 0.00000000
0.39563930 -0.90961070 0.12679940 0.00000000
0.72366950 0.39377290 0.56678550 0.00000000
-0.29025470 0.68544690 -0.07027599 1.00000000

-0.60437350 -0.08105429 0.79256760 0.00000000
0.69258730 -0.54513940 0.47238330 0.00000000
0.39377110 0.83441790 0.38560500 0.00000000
-0.27911250 0.65977640 -0.06666805 1.00000000

-0.62513640 -0.06953570 0.77741240 0.00000000
0.76052510 -0.27824570 0.58666940 0.00000000
0.17551720 0.95798980 0.22682510 0.00000000
-0.26045080 0.64513110 -0.05403364 1.00000000

-0.53387990 -0.19187960 0.82350160 0.00000000
0.47479750 -0.87390610 0.10418930 0.00000000
0.69967130 0.44662100 0.55766490 0.00000000
-0.30002670 0.69069460 -0.04935149 1.00000000

-0.58654360 -0.13659410 0.79831630 0.00000000
0.76344810 -0.42231880 0.48866540 0.00000000
0.27039510 0.89609660 0.35199090 0.00000000
-0.28753290 0.66760410 -0.04653411 1.00000000

-0.62630590 -0.12679830 0.76919660 0.00000000
0.77492340 0.00639487 0.63202330 0.00000000
-0.08505832 0.99190810 0.09425380 0.00000000
-0.27109340 0.65853600 -0.03607704 1.00000000

-0.65104730 -0.29652710 0.69871990 0.00000000
0.14391870 -0.95206030 -0.26994200 0.00000000
0.74526830 -0.07518614 0.66251230 0.00000000
-0.22968690 0.74237500 -0.09591981 1.00000000

-0.66451590 -0.63987890 0.38597150 0.00000000
0.26505540 -0.68475040 -0.67886880 0.00000000
0.69868760 -0.34881510 0.62463090 0.00000000
-0.22436840 0.70887150 -0.10570480 1.00000000

1.00000000 0.00000000 0.00000000 0.00000000
0.00000000 1.00000000 0.00000000 0.00000000
0.00000000 0.00000000 1.00000000 0.00000000
0.00000000 0.00000000 0.00000000 1.00000000

-0.99887730 0.00479047 -0.04713034 0.00000000
0.00365078 0.99969950 0.02423818 0.00000000
0.04723229 0.02403890 -0.99859460 0.00000000
-0.00710134 0.86423640 -0.02585934 1.00000000

0.99648760 -0.06314588 -0.05500327 0.00000000
-0.08371193 -0.73345830 -0.67456020 0.00000000
0.00225309 0.67679510 -0.73616800 0.00000000
-0.08834493 0.81043520 -0.02346893 1.00000000

0.98542280 0.13637920 0.10170030 0.00000000
0.17011690 -0.79542460 -0.58168730 0.00000000
0.00156485 0.59050880 -0.80702970 0.00000000
0.07313961 0.80971310 -0.01801034 1.00000000

-0.99992200 -0.01197395 0.00355319 0.00000000
-0.01246510 0.97465700 -0.22335720 0.00000000
-0.00078867 -0.22338410 -0.97473030 0.00000000
-0.01318086 1.40381500 -0.11677110 1.00000000

-0.99984690 -0.01716518 -0.00341554 0.00000000
-0.01502511 0.94193850 -0.33544900 0.00000000
0.00897527 -0.33534640 -0.94205220 0.00000000
-0.01234815 1.34712800 -0.07564952 1.00000000

0.14038390 -0.66858970 -0.73026040 0.00000000
0.18124190 -0.70774840 0.68282040 0.00000000
-0.97336740 -0.22821070 0.02182003 0.00000000
0.16244440 1.26984100 -0.05530309 1.00000000

-0.00224990 -0.22286730 -0.97484620 0.00000000
0.86969930 -0.48160030 0.10809520 0.00000000
-0.49357710 -0.84757970 0.19491100 0.00000000
0.04933195 1.33247800 -0.06936187 1.00000000

-0.99970220 -0.02215213 -0.01023585 0.00000000
-0.01965351 0.97952450 -0.20036390 0.00000000
0.01446475 -0.20010300 -0.97966800 0.00000000
-0.00946242 1.20330500 -0.04623000 1.00000000

-0.99961400 -0.01585321 -0.02281800 0.00000000
-0.01200107 0.98704090 -0.16001960 0.00000000
0.02505912 -0.15968400 -0.98685000 0.00000000
-0.00789609 1.07448000 -0.02534492 1.00000000

0.95255300 0.26561260 0.14863770 0.00000000
0.00932288 -0.51357160 0.85799620 0.00000000
0.30423060 -0.81590100 -0.49168040 0.00000000
0.14593240 0.46935230 -0.26691330 1.00000000

0.93955140 0.27759620 0.20045910 0.00000000
0.29862360 -0.95075100 -0.08304624 0.00000000
0.16753330 0.13788800 -0.97617610 0.00000000
0.14986420 0.25275990 0.09493580 1.00000000

0.91328920 0.26488320 0.30941890 0.00000000
0.39778170 -0.74340250 -0.53770120 0.00000000
0.08759477 0.61415790 -0.78430700 0.00000000
0.19818830 0.09890670 0.08149697 1.00000000

-0.99935340 -0.00938955 -0.03470821 0.00000000
-0.00518424 0.99284210 -0.11932200 0.00000000
0.03558015 -0.11906490 -0.99224870 0.00000000
-0.00730404 0.96109620 -0.01171819 1.00000000

-0.03653966 0.40171200 -0.91503690 0.00000000
0.09472963 -0.91013290 -0.40334180 0.00000000
-0.99483230 -0.10141890 -0.00479803 0.00000000
0.20877130 1.08893500 0.11923120 1.00000000

-0.20196480 0.28562730 -0.93681760 0.00000000
0.13759850 -0.93876680 -0.31588580 0.00000000
-0.96967870 -0.19270240 0.15029590 0.00000000
0.23094190 0.87592660 0.02483264 1.00000000

-0.32482540 0.68531920 -0.65178720 0.00000000
-0.18230350 -0.72160280 -0.66787330 0.00000000
-0.92803780 -0.09811907 0.35933090 0.00000000
0.21904300 0.84487920 -0.01267925 1.00000000

-0.27843560 0.17531670 -0.94431870 0.00000000
-0.84027550 -0.52068100 0.15109160 0.00000000
-0.46520000 0.83555710 0.29229030 0.00000000
0.23244260 0.73365890 -0.02779428 1.00000000

-0.31960720 0.15902170 -0.93411100 0.00000000
-0.93534330 -0.21067530 0.28416370 0.00000000
-0.15160600 0.96453540 0.21607320 0.00000000
0.20585440 0.71721800 -0.02311258 1.00000000

-0.22081260 0.23592620 -0.94635120 0.00000000
-0.48058150 -0.87065120 -0.10491980 0.00000000
-0.84869530 0.43163130 0.30563240 0.00000000
0.24891500 0.76356430 -0.02428729 1.00000000

-0.27572580 0.23840120 -0.93120360 0.00000000
-0.89106230 -0.42674450 0.15458750 0.00000000
-0.36053220 0.87238430 0.33009470 0.00000000
0.20318020 0.72594430 -0.05190354 1.00000000

-0.24079140 0.25975220 -0.93517270 0.00000000
-0.77022880 -0.63741280 0.02127424 0.00000000
-0.59056510 0.72541960 0.35355200 0.00000000
0.22692780 0.74556550 -0.05249526 1.00000000

-0.19273780 0.32626740 -0.92541990 0.00000000
-0.36696390 -0.89863640 -0.24039660 0.00000000
-0.91004940 0.29326210 0.29292940 0.00000000
0.23898710 0.77528150 -0.04477995 1.00000000

-0.21334830 0.22250000 -0.95130250 0.00000000
-0.44616630 -0.88844170 -0.10773580 0.00000000
-0.86914810 0.40145390 0.28881950 0.00000000
0.25386950 0.76264860 0.02000993 1.00000000

-0.24790330 0.16445910 -0.95472370 0.00000000
-0.47910580 -0.87735030 -0.02672625 0.00000000
-0.84202240 0.45078830 0.29629130 0.00000000
0.25339500 0.75544070 -0.00322121 1.00000000

-0.32781350 0.09376282 -0.94007800 0.00000000
-0.89528510 -0.34856640 0.27742810 0.00000000
-0.30166750 0.93258260 0.19820920 0.00000000
0.24031800 0.73153440 -0.00401267 1.00000000

-0.26458910 0.16043870 -0.95092180 0.00000000
-0.79233840 -0.59825880 0.11952640 0.00000000
-0.54972060 0.78507700 0.28541430 0.00000000
0.24168660 0.73833450 0.01714392 1.00000000

-0.31030520 0.13670550 -0.94075640 0.00000000
-0.91438740 -0.31359270 0.25603800 0.00000000
-0.26001250 0.93966570 0.22231110 0.00000000
0.22429530 0.72521370 0.01973862 1.00000000

-0.36472170 0.08441813 -0.92728190 0.00000000
-0.92931460 -0.09492920 0.35687910 0.00000000
-0.05789925 0.99189840 0.11307370 0.00000000
0.21687000 0.72239770 0.00328886 1.00000000

-0.44280690 0.39777100 -0.80355480 0.00000000
-0.20936460 -0.91730330 -0.33870550 0.00000000
-0.87183050 0.01825494 0.48946740 0.00000000
0.21045300 0.81886860 -0.04196703 1.00000000

-0.34166560 0.78272960 -0.52019180 0.00000000
-0.05767212 -0.56991900 -0.81967430 0.00000000
-0.93805040 -0.25005400 0.23986340 0.00000000
0.20275090 0.78599490 -0.05445986 1.00000000

-0.04132367 0.22197250 0.97417680 0.00000000
-0.81448940 -0.57220910 0.09583165 0.00000000
0.57870500 -0.78949670 0.20444000 0.00000000
-0.07342484 1.32957300 -0.07116989 1.00000000

0.04546197 0.58318040 0.81106960 0.00000000
-0.23325430 -0.78326910 0.57626550 0.00000000
0.97135250 -0.21538370 0.10042040 0.00000000
-0.17935680 1.25515200 -0.05870610 1.00000000

0.99878010 -0.02144913 0.04448114 0.00000000
-0.03823994 -0.90587220 0.42182150 0.00000000
0.03124652 -0.42300780 -0.90558720 0.00000000
-0.12415350 0.49669180 -0.31201810 1.00000000

0.99784080 0.02104380 -0.06222072 0.00000000
-0.06264727 0.02025602 -0.99783020 0.00000000
-0.01973779 0.99957340 0.02153073 0.00000000
-0.14757090 0.00735945 -0.25610820 1.00000000

0.99629040 -0.08474361 0.01497272 0.00000000
-0.04481987 -0.65950230 -0.75036520 0.00000000
0.07346322 0.74691050 -0.66085400 0.00000000
-0.14028300 0.11459770 -0.13409520 1.00000000

-0.08957519 -0.10586760 0.99033760 0.00000000
-0.12823610 -0.98483260 -0.11687790 0.00000000
0.98769030 -0.13746640 0.07464051 0.00000000
-0.23900240 1.05486200 0.08865107 1.00000000

-0.38162430 -0.06272167 0.92218690 0.00000000
-0.11580980 -0.98658850 -0.11502690 0.00000000
0.91703380 -0.15069540 0.36924240 0.00000000
-0.26901190 0.82439420 0.06129966 1.00000000

-0.39697810 -0.03025852 0.91732910 0.00000000
0.38066820 -0.91486930 0.13455850 0.00000000
0.83516480 0.40261470 0.37470150 0.00000000
-0.28163080 0.70517680 0.03796662 1.00000000

-0.34478780 -0.58745590 0.73213190 0.00000000
0.33012640 -0.80601910 -0.49127370 0.00000000
0.87871410 0.07231071 0.47184020 0.00000000
-0.25158260 0.78437760 0.03450538 1.00000000

-0.46031910 0.03123792 0.88720360 0.00000000
0.85649590 -0.24723160 0.45309130 0.00000000
0.23349830 0.96845290 0.08705035 0.00000000
-0.24305780 0.65811230 0.05560141 1.00000000

-0.44276270 0.02435763 0.89630780 0.00000000
0.78526570 -0.47198380 0.40073590 0.00000000
0.43280370 0.88127070 0.18984960 0.00000000
-0.26845060 0.67334160 0.04279638 1.00000000

-0.41919310 -0.03895414 0.90706090 0.00000000
0.72173830 -0.62040640 0.30690370 0.00000000
0.55079140 0.78331230 0.28818480 0.00000000
-0.26274000 0.67445320 0.01330535 1.00000000

-0.44471310 -0.02406733 0.89534970 0.00000000
0.84492120 -0.34299120 0.41044580 0.00000000
0.29721860 0.93903020 0.17286770 0.00000000
-0.24209890 0.65673660 0.02201073 1.00000000

-0.38188650 -0.10292620 0.91846020 0.00000000
0.22112140 -0.97509220 -0.01733260 0.00000000
0.89736750 0.19647200 0.39513360 0.00000000
-0.26958790 0.70486310 0.01373668 1.00000000

-0.43599500 0.06283506 0.89775280 0.00000000
0.42087020 -0.86751510 0.26511480 0.00000000
0.79547270 0.49342600 0.35178690 0.00000000
-0.28926300 0.70268510 0.05783354 1.00000000

-0.48286790 0.11140070 0.86857840 0.00000000
0.78114080 -0.39351730 0.48472980 0.00000000
0.39580000 0.91254250 0.10299720 0.00000000
-0.27740400 0.67820980 0.06534728 1.00000000

-0.50581040 0.11823160 0.85450390 0.00000000
0.84877320 -0.10871530 0.51746030 0.00000000
0.15407770 0.98701680 -0.04536238 0.00000000
-0.25637160 0.66762450 0.07830758 1.00000000

-0.38864960 0.01561166 0.92125330 0.00000000
0.54097630 -0.80550770 0.24187220 0.00000000
0.74585270 0.59237970 0.30461490 0.00000000
-0.29591270 0.71207490 0.07853321 1.00000000

-0.45492480 0.06286253 0.88830820 0.00000000
0.86732470 -0.19495440 0.45797480 0.00000000
0.20196880 0.97879560 0.03416731 0.00000000
-0.28165980 0.69080710 0.08499399 1.00000000

-0.49992890 0.06004286 0.86398280 0.00000000
0.84245150 0.26508410 0.46904790 0.00000000
-0.20086510 0.96235400 -0.18310640 0.00000000
-0.26299530 0.68661390 0.09478647 1.00000000

-0.49469990 -0.32614780 0.80554290 0.00000000
0.15624440 -0.94518380 -0.28673260 0.00000000
0.85490340 -0.01598502 0.51854110 0.00000000
-0.23665360 0.75405100 0.01135054 1.00000000

-0.56903770 -0.68281290 0.45821700 0.00000000
0.19031880 -0.65145890 -0.73442510 0.00000000
0.79998430 -0.33070830 0.50065680 0.00000000
-0.23095700 0.72080110 0.00093371 1.00000000

1.00000000 0.00000000 0.00000000 0.00000000
0.00000000 1.00000000 0.00000000 0.00000000
0.00000000 0.00000000 1.00000000 0.00000000
0.00000000 0.00000000 0.00000000 1.00000000

-0.99194130 0.02105069 -0.12493740 0.00000000
0.01373715 0.99815680 0.05911309 0.00000000
0.12595150 0.05692043 -0.99040210 0.00000000
-0.01082192 0.88175830 -0.04335429 1.00000000

0.99637020 -0.07920253 -0.03120209 0.00000000
-0.07878975 -0.71923900 -0.69028070 0.00000000
0.03223022 0.69023350 -0.72286860 0.00000000
-0.09264190 0.82910670 -0.04919495 1.00000000

0.97986020 0.14928320 0.13262280 0.00000000
0.19199470 -0.88686930 -0.42023950 0.00000000
0.05488438 0.43723880 -0.89766930 0.00000000
0.06789200 0.82582860 -0.03114785 1.00000000

-0.99744350 0.05581231 0.04462510 0.00000000
0.04612934 0.97983560 -0.19440790 0.00000000
-0.05457563 -0.19185230 -0.97990520 0.00000000
-0.00924277 1.42443700 -0.11455040 1.00000000

-0.99844190 0.03149428 0.04606389 0.00000000
0.01615453 0.95329090 -0.30162160 0.00000000
-0.05341163 -0.30040740 -0.95231430 0.00000000
-0.00927502 1.36629900 -0.07549974 1.00000000

0.07654510 -0.57666460 -0.81338730 0.00000000
0.33867450 -0.75224040 0.56518500 0.00000000
-0.93778470 -0.31873570 0.13772130 0.00000000
0.16450280 1.28407000 -0.07180309 1.00000000

-0.09045260 -0.17954890 -0.97958170 0.00000000
0.86369960 -0.50384940 0.01259900 0.00000000
-0.49582380 -0.84492480 0.20065080 0.00000000
0.05217060 1.34960100 -0.07344171 1.00000000

-0.99883310 0.00753344 0.04770242 0.00000000
-0.00017307 0.98719350 -0.15952730 0.00000000
-0.04829329 -0.15934930 -0.98604050 0.00000000
-0.00924961 1.22134900 -0.05207630 1.00000000

-0.99987890 0.00723499 0.01378239 0.00000000
0.00547461 0.99230050 -0.12373270 0.00000000
-0.01457147 -0.12364220 -0.99221990 0.00000000
-0.00996413 1.09183800 -0.03592723 1.00000000

0.96128620 0.24947250 0.11701560 0.00000000
-0.01320723 -0.38245640 0.92387930 0.00000000
0.27523590 -0.88965790 -0.36435520 0.00000000
0.15004620 0.44633870 -0.21096760 1.00000000

0.94582300 0.25308690 0.20338710 0.00000000
0.23467770 -0.96577920 0.11044210 0.00000000
0.22437840 -0.05672831 -0.97284970 0.00000000
0.14447620 0.28504250 0.17866690 1.00000000

0.91354330 0.26312050 0.31017190 0.00000000
0.36861250 -0.85793300 -0.35787790 0.00000000
0.17194160 0.44127000 -0.88074810 0.00000000
0.18245240 0.12875750 0.19653900 1.00000000

-0.99977760 0.00712565 -0.01984967 0.00000000
0.00883916 0.99611480 -0.08761974 0.00000000
0.01914820 -0.08777571 -0.99595630 0.00000000
-0.01097358 0.97808000 -0.02592094 1.00000000

-0.22326820 0.75108280 -0.62130980 0.00000000
-0.01826804 -0.64051180 -0.76773100 0.00000000
-0.97458580 -0.16005990 0.15672670 0.00000000
0.25107060 1.09179200 0.07266260 1.00000000

-0.46705880 0.63562230 -0.61468750 0.00000000
0.11214560 -0.64697390 -0.75422020 0.00000000
-0.87708580 -0.42119970 0.23089260 0.00000000
0.24679520 0.94188590 -0.10701790 1.00000000

-0.53583690 0.83039670 -0.15270990 0.00000000
-0.30531270 -0.35919450 -0.88190880 0.00000000
-0.78718670 -0.42593510 0.44600040 0.00000000
0.22739270 0.92964460 -0.15158640 1.00000000

-0.54597760 0.51880120 -0.65784020 0.00000000
-0.76163320 -0.63447450 0.13174720 0.00000000
-0.34903220 0.57296400 0.74154490 0.00000000
0.24179960 0.84238790 -0.21903000 1.00000000

-0.58152050 0.49528430 -0.64538920 0.00000000
-0.80983970 -0.42792180 0.40130140 0.00000000
-0.07741777 0.75602670 0.64994620 0.00000000
0.21767060 0.82238440 -0.21493120 1.00000000

-0.49031540 0.58243990 -0.64834770 0.00000000
-0.49105110 -0.79920810 -0.34660520 0.00000000
-0.72004140 0.14842600 0.67787160 0.00000000
0.25860450 0.86987580 -0.20719840 1.00000000

-0.54877960 0.57204450 -0.60959510 0.00000000
-0.82433890 -0.49150500 0.28087100 0.00000000
-0.13894840 0.65664910 0.74128640 0.00000000
0.20319440 0.84351810 -0.23053530 1.00000000

-0.51645420 0.59382800 -0.61696330 0.00000000
-0.78038880 -0.62299070 0.05362713 0.00000000
-0.35251700 0.50916710 0.78516270 0.00000000
0.22727370 0.86267230 -0.23214560 1.00000000

-0.45645140 0.66064820 -0.59598330 0.00000000
-0.47137100 -0.74766270 -0.46777120 0.00000000
-0.75462670 0.06741430 0.65268200 0.00000000
0.24271590 0.88748580 -0.21685430 1.00000000

-0.45885850 0.62028460 -0.63615720 0.00000000
-0.44934980 -0.77967620 -0.43610760 0.00000000
-0.76650730 0.08574520 0.63648580 0.00000000
0.27539950 0.84989700 -0.17105420 1.00000000

-0.50408820 0.54160760 -0.67272310 0.00000000
-0.45740700 -0.82813790 -0.32398510 0.00000000
-0.73258020 0.14439100 0.66518970 0.00000000
0.26916670 0.85409100 -0.19419350 1.00000000

-0.58373230 0.45607740 -0.67175160 0.00000000
-0.78813580 -0.51716020 0.33374730 0.00000000
-0.19518870 0.72425050 0.66133390 0.00000000
0.25666430 0.83155120 -0.20306990 1.00000000

-0.51135260 0.55567440 -0.65554920 0.00000000
-0.73913450 -0.67353440 0.00563285 0.00000000
-0.43840490 0.48741920 0.75513150 0.00000000
0.26315030 0.82852380 -0.18292640 1.00000000

-0.55245750 0.52499900 -0.64743130 0.00000000
-0.81440370 -0.50545490 0.28506540 0.00000000
-0.17758830 0.68475670 0.70680300 0.00000000
0.24691920 0.81376280 -0.18282190 1.00000000

-0.61516050 0.43889230 -0.65494370 0.00000000
-0.78830860 -0.32962620 0.51953470 0.00000000
0.01213317 0.83589490 0.54875550 0.00000000
0.23603260 0.81798450 -0.19430170 1.00000000

-0.66992330 0.62525230 -0.40032820 0.00000000
-0.22770310 -0.68626300 -0.69079290 0.00000000
-0.70665010 -0.37162230 0.60211520 0.00000000
0.21303970 0.91868070 -0.18739000 1.00000000

-0.46434430 0.87581590 -0.13164690 0.00000000
-0.23626400 -0.26575270 -0.93464150 0.00000000
-0.85355940 -0.40289230 0.33032460 0.00000000
0.20459260 0.89420910 -0.21240730 1.00000000

0.06848174 0.18372380 0.98058980 0.00000000
-0.84232940 -0.51604070 0.15551150 0.00000000
0.53459500 -0.83662900 0.11941680 0.00000000
-0.07051704 1.35036500 -0.06814127 1.00000000

0.19509430 0.72902200 0.65609890 0.00000000
-0.15554860 -0.63748790 0.75459550 0.00000000
0.96837140 -0.24927220 -0.01097175 0.00000000
-0.18006980 1.28324900 -0.04791554 1.00000000

0.99785160 -0.03299744 0.05659902 0.00000000
-0.04554779 -0.97037140 0.23728620 0.00000000
0.04709224 -0.23935420 -0.96978960 0.00000000
-0.12634490 0.52144580 -0.34446880 1.00000000

0.99858590 0.01619102 -0.05063876 0.00000000
-0.05064902 0.00022643 -0.99871660 0.00000000
-0.01615877 0.99986880 0.00104601 0.00000000
-0.15153260 0.00648469 -0.36783360 1.00000000

0.99591480 -0.08652197 0.02584584 0.00000000
-0.03675013 -0.64980560 -0.75921140 0.00000000
0.08248324 0.75516000 -0.65033080 0.00000000
-0.14555680 0.11214610 -0.24438220 1.00000000

0.04048105 -0.09311572 0.99483230 0.00000000
-0.16078270 -0.98328060 -0.08549182 0.00000000
0.98615960 -0.15649070 -0.05477549 0.00000000
-0.21984520 1.12023700 0.14504260 1.00000000

-0.22849520 -0.03136143 0.97304020 0.00000000
-0.11074110 -0.99215660 -0.05798229 0.00000000
0.96722650 -0.12100390 0.22323010 0.00000000
-0.25747120 0.89013200 0.12503600 1.00000000

-0.24365430 -0.00077109 0.96986220 0.00000000
0.36068680 -0.92834680 0.08987601 0.00000000
0.90029890 0.37171530 0.22647370 0.00000000
-0.27099690 0.76988140 0.10850430 1.00000000

-0.21075450 -0.56271410 0.79933470 0.00000000
0.26551150 -0.81991270 -0.50719530 0.00000000
0.94079050 0.10533910 0.32220740 0.00000000
-0.24364600 0.84934500 0.09731767 1.00000000

-0.30605480 0.06217876 0.94998160 0.00000000
0.90096550 -0.30345250 0.31012540 0.00000000
0.30755760 0.95081600 0.03685201 0.00000000
-0.23215510 0.72113560 0.12055340 1.00000000

-0.28904700 0.05490658 0.95573920 0.00000000
0.81503110 -0.50958490 0.27576780 0.00000000
0.50217190 0.85866690 0.10254340 0.00000000
-0.25848720 0.73758200 0.11178790 1.00000000

-0.26775030 -0.01717045 0.96333560 0.00000000
0.73558880 -0.64939080 0.19287570 0.00000000
0.62226930 0.76026150 0.18650480 0.00000000
-0.25703530 0.73818810 0.08167690 1.00000000

-0.29424540 -0.00123455 0.95572930 0.00000000
0.88553860 -0.37650560 0.27214920 0.00000000
0.35950150 0.92641380 0.11187810 0.00000000
-0.23600870 0.71964240 0.08712189 1.00000000

-0.23203130 -0.08090477 0.96933810 0.00000000
0.19093980 -0.98093550 -0.03616709 0.00000000
0.95378420 0.17669350 0.24305560 0.00000000
-0.26296010 0.76877750 0.08268934 1.00000000

-0.29383110 0.12817380 0.94722500 0.00000000
0.38308620 -0.89211050 0.23955030 0.00000000
0.87573330 0.43325620 0.21302830 0.00000000
-0.27531270 0.76807570 0.12941530 1.00000000

-0.34372530 0.18134010 0.92139530 0.00000000
0.82460520 -0.41117190 0.38854110 0.00000000
0.44931000 0.89333870 -0.00820399 0.00000000
-0.26451440 0.74290880 0.13620950 1.00000000

-0.36791750 0.18867440 0.91051580 0.00000000
0.90935250 -0.13150100 0.39469700 0.00000000
0.19420310 0.97319590 -0.12319020 0.00000000
-0.24232470 0.73184370 0.14658050 1.00000000

-0.22762660 0.08964013 0.96961390 0.00000000
0.52534530 -0.82710000 0.19979520 0.00000000
0.81987750 0.55486090 0.14117800 0.00000000
-0.27878940 0.77818970 0.15054540 1.00000000

-0.29944040 0.14034700 0.94373660 0.00000000
0.92632070 -0.19424220 0.32280110 0.00000000
0.22861780 0.97086220 -0.07184253 0.00000000
-0.26493630 0.75635770 0.15589900 1.00000000

-0.34839530 0.13734340 0.92723140 0.00000000
0.91370560 0.27053210 0.30324130 0.00000000
-0.20919730 0.95286390 -0.21974370 0.00000000
-0.24501260 0.75217560 0.16278350 1.00000000

-0.35205530 -0.41972510 0.83659340 0.00000000
0.11373560 -0.90637650 -0.40687360 0.00000000
0.92904320 -0.04809138 0.36683250 0.00000000
-0.23192410 0.81834600 0.07322617 1.00000000

-0.43653180 -0.74202510 0.50876270 0.00000000
0.08018397 -0.59532450 -0.79947470 0.00000000
0.89610870 -0.30820130 0.31937670 0.00000000
-0.22778030 0.78650040 0.05855655 1.00000000

1.00000000 0.00000000 0.00000000 0.00000000
0.00000000 1.00000000 0.00000000 0.00000000
0.00000000 0.00000000 1.00000000 0.00000000
0.00000000 0.00000000 0.00000000 1.00000000

-0.98159740 0.03388659 -0.18793120 0.00000000
0.02089888 0.99728110 0.07066506 0.00000000
0.18981490 0.06543709 -0.97963680 0.00000000
-0.01007976 0.90990900 -0.04606980 1.00000000

0.99496110 -0.10026110 -0.00058463 0.00000000
-0.07564155 -0.74679090 -0.66074370 0.00000000
0.06581026 0.65745840 -0.75061140 0.00000000
-0.09193114 0.85827760 -0.05770424 1.00000000

0.97640940 0.13936810 0.16492740 0.00000000
0.18519210 -0.93327400 -0.30773950 0.00000000
0.11103340 0.33102300 -0.93706740 0.00000000
0.06706943 0.85294400 -0.02945637 1.00000000

-0.99037720 0.12090350 0.06734391 0.00000000
0.10640380 0.97637080 -0.18809060 0.00000000
-0.08849345 -0.17911510 -0.97984020 0.00000000
0.00147410 1.45371200 -0.10711510 1.00000000

-0.99412550 0.07840625 0.07461180 0.00000000
0.05364116 0.95565940 -0.28954700 0.00000000
-0.09400584 -0.28384380 -0.95425130 0.00000000
-0.00027675 1.39508800 -0.06883764 1.00000000

0.03589351 -0.43204640 -0.90113690 0.00000000
0.48521590 -0.78076600 0.39366210 0.00000000
-0.87365720 -0.45137590 0.18161150 0.00000000
0.17107970 1.30824300 -0.07696952 1.00000000

-0.16388740 -0.15397540 -0.97438820 0.00000000
0.84891690 -0.52513230 -0.05980091 0.00000000
-0.50247490 -0.83697530 0.21677490 0.00000000
0.06067012 1.37654200 -0.06919187 1.00000000

-0.99597750 0.03616786 0.08197890 0.00000000
0.02432015 0.98968730 -0.14116500 0.00000000
-0.08623911 -0.13860340 -0.98658600 0.00000000
-0.00384769 1.24977200 -0.04811032 1.00000000

-0.99895070 0.03032192 0.03432032 0.00000000
0.02668068 0.99442770 -0.10198840 0.00000000
-0.03722155 -0.10096570 -0.99419340 0.00000000
-0.00732994 1.11998400 -0.03479924 1.00000000

0.97792150 0.18571090 0.09581625 0.00000000
-0.01905231 -0.37736850 0.92586710 0.00000000
0.20810160 -0.90725110 -0.36549850 0.00000000
0.14631280 0.45359770 -0.16113760 1.00000000

0.96247510 0.18563600 0.19794170 0.00000000
0.15998740 -0.97733340 0.13864890 0.00000000
0.21919320 -0.10177800 -0.97035840 0.00000000
0.13827780 0.29444720 0.22933520 1.00000000

0.93109480 0.20124570 0.30424120 0.00000000
0.30150250 -0.89404470 -0.33133160 0.00000000
0.20532610 0.40023060 -0.89311620 0.00000000
0.16416740 0.13629240 0.25177180 1.00000000

-0.99959310 0.02511248 -0.01352571 0.00000000
0.02591300 0.99769710 -0.06268109 0.00000000
0.01192050 -0.06300609 -0.99794200 0.00000000
-0.01028924 1.00604500 -0.02764097 1.00000000

-0.33986350 0.92440640 -0.17310540 0.00000000
-0.19557700 -0.24950670 -0.94841780 0.00000000
-0.91991420 -0.28847710 0.26559090 0.00000000
0.29510470 1.10867300 0.02365356 1.00000000

-0.64180410 0.74693920 -0.17369350 0.00000000
-0.00358404 -0.22941610 -0.97332200 0.00000000
-0.76686010 -0.62405940 0.14991730 0.00000000
0.24933170 1.05027900 -0.19831500 1.00000000

-0.62304280 0.70889680 0.33057970 0.00000000
-0.46122540 0.00838146 -0.88724340 0.00000000
-0.63173470 -0.70526240 0.32173920 0.00000000
0.22167290 1.05525300 -0.23982300 1.00000000

-0.71481310 0.65381980 -0.24811710 0.00000000
-0.66226830 -0.74685340 -0.06008937 0.00000000
-0.22459470 0.12136740 0.96686460 0.00000000
0.22777330 1.00952700 -0.34084310 1.00000000

-0.74424720 0.62219200 -0.24284420 0.00000000
-0.66790320 -0.69269730 0.27216820 0.00000000
0.00112340 0.36475690 0.93110230 0.00000000
0.20676830 0.98598510 -0.34276720 1.00000000

-0.66447510 0.71416510 -0.22009340 0.00000000
-0.49524810 -0.64137700 -0.58597340 0.00000000
-0.55964450 -0.28036390 0.77986810 0.00000000
0.24470490 1.03161100 -0.32075350 1.00000000

-0.71862390 0.67059840 -0.18405910 0.00000000
-0.69494770 -0.68301250 0.22481450 0.00000000
0.02504551 0.28946840 0.95685980 0.00000000
0.18654900 1.00798400 -0.34054630 1.00000000

-0.69082590 0.69798340 -0.18862280 0.00000000
-0.70521300 -0.70802140 -0.03715224 0.00000000
-0.15948070 0.10735350 0.98134650 0.00000000
0.20832400 1.02975100 -0.33938880 1.00000000

-0.62988050 0.76120380 -0.15433510 0.00000000
-0.53063890 -0.56685750 -0.63015430 0.00000000
-0.56716170 -0.31502570 0.76097710 0.00000000
0.22568100 1.04862400 -0.31863950 1.00000000

-0.62902560 0.75430400 -0.18802260 0.00000000
-0.47545620 -0.56465000 -0.67461960 0.00000000
-0.61503510 -0.33495630 0.71381800 0.00000000
0.27063690 1.00126200 -0.30090270 1.00000000

-0.67791970 0.68913850 -0.25595510 0.00000000
-0.44538600 -0.66202070 -0.60279350 0.00000000
-0.58485560 -0.29464660 0.75572970 0.00000000
0.25913820 1.01385500 -0.31825330 1.00000000

-0.74951280 0.59840390 -0.28309660 0.00000000
-0.65413530 -0.73516230 0.17788610 0.00000000
-0.10167410 0.31851120 0.94245050 0.00000000
0.24695210 0.99585370 -0.33470260 1.00000000

-0.67964290 0.69754410 -0.22697540 0.00000000
-0.66981030 -0.71628850 -0.19566450 0.00000000
-0.29906450 0.01904844 0.95404300 0.00000000
0.25768800 0.98575710 -0.31933500 1.00000000

-0.71520140 0.66068420 -0.22799870 0.00000000
-0.69509010 -0.70647030 0.13322750 0.00000000
-0.07305305 0.25376400 0.96450360 0.00000000
0.24297300 0.97006240 -0.32363440 1.00000000

-0.77496240 0.57074150 -0.27145420 0.00000000
-0.62855400 -0.65117690 0.42530980 0.00000000
0.06597735 0.50022260 0.86337970 0.00000000
0.22983730 0.97656970 -0.33003180 1.00000000

-0.79186900 0.60968520 0.03504047 0.00000000
-0.31309260 -0.35604730 -0.88045640 0.00000000
-0.52432500 -0.70817690 0.47283070 0.00000000
0.20074600 1.05846200 -0.27388000 1.00000000

-0.55180910 0.77154410 0.31658600 0.00000000
-0.40671410 0.08244547 -0.90982780 0.00000000
-0.72807310 -0.63081090 0.26830370 0.00000000
0.18917960 1.04587200 -0.30556260 1.00000000

0.12089680 0.15982460 0.97971430 0.00000000
-0.87172910 -0.45501370 0.18179960 0.00000000
0.47483940 -0.87602430 0.08431396 0.00000000
-0.06169044 1.38083400 -0.05968377 1.00000000

0.30077640 0.79774550 0.52262400 0.00000000
-0.07039519 -0.52793350 0.84636320 0.00000000
0.95109310 -0.29135630 -0.10263250 0.00000000
-0.17506690 1.32165500 -0.03603903 1.00000000

0.99584420 -0.06169943 0.06699170 0.00000000
-0.05719517 -0.99609950 -0.06719179 0.00000000
0.07087609 0.06308079 -0.99548850 0.00000000
-0.12428750 0.53883100 -0.34034330 1.00000000

0.99778970 0.05442374 -0.03813201 0.00000000
-0.03733248 -0.01563441 -0.99918060 0.00000000
-0.05497532 0.99839570 -0.01356787 0.00000000
-0.14789070 0.00980425 -0.48945810 1.00000000

0.99836210 -0.04028251 0.04062517 0.00000000
0.00320735 -0.66956940 -0.74274280 0.00000000
0.05712087 0.74165650 -0.66834320 0.00000000
-0.14841220 0.11867950 -0.36868460 1.00000000

0.13802290 -0.12538910 0.98245990 0.00000000
-0.20385110 -0.97431240 -0.09571074 0.00000000
0.96922350 -0.18706520 -0.16003810 0.00000000
-0.19306770 1.18665700 0.18038500 1.00000000

-0.09262937 -0.01223317 0.99562590 0.00000000
-0.11727630 -0.99283070 -0.02310983 0.00000000
0.98877000 -0.11890390 0.09053062 0.00000000
-0.24077240 0.95865120 0.15798710 1.00000000

-0.10559050 0.01211536 0.99433600 0.00000000
0.37399680 -0.92602670 0.05099857 0.00000000
0.92139950 0.37726350 0.09324846 0.00000000
-0.25639500 0.83813740 0.14578810 1.00000000

-0.09871851 -0.54684900 0.83139130 0.00000000
0.19362420 -0.83005980 -0.52298240 0.00000000
0.97609640 0.10934950 0.18782540 0.00000000
-0.23087090 0.91731040 0.12942270 1.00000000

-0.16720740 0.07355523 0.98317410 0.00000000
0.92641930 -0.32946770 0.18220410 0.00000000
0.33732610 0.94129750 -0.01305348 0.00000000
-0.21636120 0.78909090 0.15285690 1.00000000

-0.15095330 0.06646723 0.98630390 0.00000000
0.83752110 -0.52142570 0.16332110 0.00000000
0.52513970 0.85070420 0.02304322 0.00000000
-0.24339990 0.80592090 0.14772310 1.00000000

-0.13190840 -0.00234917 0.99125930 0.00000000
0.73624430 -0.66981670 0.09638581 0.00000000
0.66373530 0.74252310 0.09008397 0.00000000
-0.24608250 0.80593670 0.11788210 1.00000000

-0.15898660 0.01442716 0.98717530 0.00000000
0.90458520 -0.39846050 0.15150870 0.00000000
0.39553610 0.91707210 0.05029929 0.00000000
-0.22504620 0.78680650 0.12056950 1.00000000

-0.09802341 -0.06362380 0.99314830 0.00000000
0.18957830 -0.98087350 -0.04412607 0.00000000
0.97696040 0.18395390 0.10821030 0.00000000
-0.25198080 0.83652200 0.11913990 1.00000000

-0.15556850 0.13498940 0.97855840 0.00000000
0.41634780 -0.88937090 0.18887610 0.00000000
0.89579740 0.43680380 0.08215557 0.00000000
-0.25779610 0.83674170 0.16712460 1.00000000

-0.20716390 0.18710900 0.96024660 0.00000000
0.86584340 -0.42184810 0.26899680 0.00000000
0.45540980 0.88714970 -0.07461537 0.00000000
-0.24605430 0.81165240 0.17249020 1.00000000

-0.23245590 0.19474100 0.95291170 0.00000000
0.95415430 -0.14428240 0.26224510 0.00000000
0.18855840 0.97018500 -0.15227360 0.00000000
-0.22276690 0.80029980 0.17964510 1.00000000

-0.09039419 0.10351180 0.99051210 0.00000000
0.53679390 -0.83267940 0.13600560 0.00000000
0.83885710 0.54399510 0.01970491 0.00000000
-0.25834080 0.84726570 0.18833330 1.00000000

-0.16406480 0.15494190 0.97420530 0.00000000
0.95867140 -0.20767200 0.19447790 0.00000000
0.23244800 0.96584970 -0.11446660 0.00000000
-0.24417420 0.82528750 0.19200430 1.00000000

-0.21499050 0.15262230 0.96461670 0.00000000
0.95084720 0.25810890 0.17108350 0.00000000
-0.22286490 0.95398460 -0.20061140 0.00000000
-0.22356290 0.82081590 0.19612940 1.00000000

-0.23314820 -0.39148640 0.89015770 0.00000000
0.06042151 -0.91944780 -0.38854270 0.00000000
0.97056230 -0.03680329 0.23802170 0.00000000
-0.22255820 0.88583000 0.10455060 1.00000000

-0.34548520 -0.72231300 0.59908600 0.00000000
-0.02562351 -0.63089680 -0.77544370 0.00000000
0.93807430 -0.28325490 0.19945740 0.00000000
-0.22034010 0.85351260 0.09050857 1.00000000

1.00000000 0.00000000 0.00000000 0.00000000
0.00000000 1.00000000 0.00000000 0.00000000
0.00000000 0.00000000 1.00000000 0.00000000
0.00000000 0.00000000 0.00000000 1.00000000

-0.98491060 0.03694989 -0.16907420 0.00000000
0.03168093 0.99892780 0.03375676 0.00000000
0.17014020 0.02789096 -0.98502530 0.00000000
-0.00860787 0.91662830 -0.05205705 1.00000000

0.99382530 -0.11095280 0.00105321 0.00000000
-0.08334849 -0.75276680 -0.65298960 0.00000000
0.07324386 0.64886960 -0.75736640 0.00000000
-0.09116149 0.86543770 -0.06013374 1.00000000

0.98283260 0.12147560 0.13886720 0.00000000
0.15159530 -0.96070210 -0.23253060 0.00000000
0.10516320 0.24959020 -0.96262440 0.00000000
0.06833190 0.85952810 -0.03494412 1.00000000

-0.98486720 0.16515190 0.05255444 0.00000000
0.15173190 0.96817490 -0.19903490 0.00000000
-0.08375287 -0.18804870 -0.97858240 0.00000000
0.01456808 1.46043000 -0.11348190 1.00000000

-0.99182370 0.11077020 0.06337301 0.00000000
0.08710846 0.95053530 -0.29815210 0.00000000
-0.09326464 -0.29019390 -0.95241250 0.00000000
0.01055354 1.40227500 -0.07466246 1.00000000

0.01670039 -0.21066800 -0.97741540 0.00000000
0.59748260 -0.78171780 0.17869690 0.00000000
-0.80170830 -0.58697260 0.11281560 0.00000000
0.17960610 1.31104900 -0.08052586 1.00000000

-0.15855850 -0.15765870 -0.97468130 0.00000000
0.83408760 -0.54964570 -0.04677975 0.00000000
