MeshAnim
1
32
53
30
-0.45723440 -0.01086416 0.88927990 0.00000000
0.04248225 0.99851710 0.03404147 0.00000000
-0.88833100 0.05334354 -0.45609490 0.00000000
0.01011990 0.41865460 0.00533827 1.00000000

0.35039470 0.14377530 -0.92550100 0.00000000
-0.89782460 -0.22982760 -0.37561980 0.00000000
-0.26671060 0.96255280 0.04855467 0.00000000
-0.02243325 0.36343230 0.07876579 1.00000000

0.78086430 -0.01227153 -0.62458060 0.00000000
-0.46469310 -0.67961160 -0.56761680 0.00000000
-0.41750630 0.73346980 -0.53638670 0.00000000
0.04952144 0.36530270 -0.06589450 1.00000000

-0.54231970 0.11951850 0.83162760 0.00000000
-0.50337780 0.74628250 -0.43551490 0.00000000
-0.67268130 -0.65481110 -0.34456080 0.00000000
-0.17823130 0.88465290 -0.14294480 1.00000000

-0.59814950 0.04897444 0.79988680 0.00000000
-0.53325670 0.72075060 -0.44289470 0.00000000
-0.59820940 -0.69146220 -0.40500070 0.00000000
-0.13059780 0.84985380 -0.10519420 1.00000000

-0.29201470 -0.18340440 -0.93866410 0.00000000
0.95436850 -0.12003010 -0.27344780 0.00000000
-0.06251648 -0.97568210 0.21008600 0.00000000
0.02917710 0.81852040 -0.20954940 1.00000000

-0.48225200 -0.62852250 -0.61023980 0.00000000
0.84898070 -0.16354130 -0.50247990 0.00000000
0.21602040 -0.76040350 0.61247170 0.00000000
-0.08124077 0.83979040 -0.14419710 1.00000000

-0.64635350 -0.02444506 0.76264650 0.00000000
-0.49406520 0.77508410 -0.39388340 0.00000000
-0.58148660 -0.63138500 -0.51305570 0.00000000
-0.05805403 0.73604790 -0.04736015 1.00000000

-0.61286400 -0.00699453 0.79015740 0.00000000
-0.39303830 0.87018670 -0.29714640 0.00000000
-0.68550620 -0.49267240 -0.53605530 0.00000000
-0.00675634 0.62247480 -0.00857786 1.00000000

0.73486470 0.02084127 -0.67789390 0.00000000
0.42348090 -0.79483150 0.43463430 0.00000000
-0.52975290 -0.60647270 -0.59291930 0.00000000
-0.14931990 0.07449806 -0.30877680 1.00000000

0.69760540 -0.05816167 -0.71411790 0.00000000
0.02217000 -0.99447040 0.10265250 0.00000000
-0.71613930 -0.08744312 -0.69245820 0.00000000
0.02927782 -0.26071220 -0.12547520 1.00000000

0.77819340 -0.04880641 -0.62612590 0.00000000
-0.34347940 -0.86772930 -0.35926110 0.00000000
-0.52577300 0.49463560 -0.69202480 0.00000000
0.03286542 -0.42164010 -0.10886370 1.00000000

-0.57615610 0.00311894 0.81733380 0.00000000
-0.27573080 0.94063020 -0.19795790 0.00000000
-0.76942630 -0.33941870 -0.54108980 0.00000000
0.02473250 0.51505360 0.01402921 1.00000000

-0.96585020 0.08143564 -0.24597110 0.00000000
0.23273920 -0.14452220 -0.96174130 0.00000000
-0.11386830 -0.98614480 0.12063350 0.00000000
0.27312110 0.78783970 -0.27944470 1.00000000

-0.55987810 0.79208230 -0.24319210 0.00000000
0.23684660 -0.12826840 -0.96304270 0.00000000
-0.79400300 -0.59678550 -0.11578730 0.00000000
0.32759170 0.75401560 -0.50453160 1.00000000

-0.56300280 0.82618710 -0.02104074 0.00000000
-0.48694590 -0.35218340 -0.79928140 0.00000000
-0.66776610 -0.43975180 0.60058890 0.00000000
0.31142270 0.76459010 -0.55078530 1.00000000

-0.75610590 0.55536140 -0.34623370 0.00000000
-0.58761880 -0.34320120 0.73274640 0.00000000
0.28811110 0.75748710 0.58583720 0.00000000
0.33332480 0.72431160 -0.63958770 1.00000000

-0.80501970 0.57166340 -0.15856950 0.00000000
0.11472370 0.41225730 0.90381560 0.00000000
0.58204960 0.70939770 -0.39745870 0.00000000
0.31467530 0.71351870 -0.61646080 1.00000000

-0.57428900 0.71958830 -0.39036490 0.00000000
-0.59182670 -0.69438900 -0.40934720 0.00000000
-0.56562660 -0.00405515 0.82465170 0.00000000
0.35358020 0.74821560 -0.62557710 1.00000000

-0.85581940 0.51354220 -0.06203136 0.00000000
0.15154760 0.36358010 0.91915360 0.00000000
0.49457770 0.77722850 -0.38898490 0.00000000
0.30146730 0.72984090 -0.61938500 1.00000000

-0.79543810 0.53606850 -0.28268200 0.00000000
-0.53710400 -0.40752350 0.73854180 0.00000000
0.28070940 0.73929360 0.61208440 0.00000000
0.31806990 0.74236040 -0.64212070 1.00000000

-0.64535120 0.69226260 -0.32294610 0.00000000
-0.51884630 -0.70751990 -0.47980650 0.00000000
-0.56064280 -0.14208430 0.81577700 0.00000000
0.33503440 0.76585730 -0.62636940 1.00000000

-0.37703390 0.77897790 -0.50103760 0.00000000
-0.58525710 -0.61965050 -0.52297960 0.00000000
-0.71785780 0.09605471 0.68953180 0.00000000
0.37296020 0.71473140 -0.60342180 1.00000000

-0.48497670 0.73391020 -0.47557700 0.00000000
-0.52351560 -0.67924630 -0.51434990 0.00000000
-0.70052050 -0.00047579 0.71363210 0.00000000
0.36650370 0.72959430 -0.62156780 1.00000000

-0.67874780 0.57963040 -0.45092120 0.00000000
-0.70276650 -0.33447630 0.62788920 0.00000000
0.21312130 0.74307070 0.63437020 0.00000000
0.35220040 0.71112600 -0.63562050 1.00000000

-0.67528660 0.58613210 -0.44770200 0.00000000
-0.59111060 -0.06706166 0.80379800 0.00000000
0.44110810 0.80743550 0.39175480 0.00000000
0.35698750 0.69772080 -0.61768100 1.00000000

-0.74907800 0.64077460 -0.16819600 0.00000000
0.26538260 0.52286640 0.81005130 0.00000000
0.60700420 0.56215500 -0.56171830 0.00000000
0.34399920 0.69626670 -0.60005910 1.00000000

-0.77706470 0.59690900 -0.19967490 0.00000000
0.14297120 0.47633430 0.86756290 0.00000000
0.61296810 0.64560460 -0.45548340 0.00000000
0.33380900 0.70234200 -0.61915250 1.00000000

-0.68406950 0.68838170 -0.24120370 0.00000000
-0.09681970 -0.41344660 -0.90536640 0.00000000
-0.72296260 -0.59598000 0.34947530 0.00000000
0.28971320 0.75388890 -0.58275870 1.00000000

-0.57663300 0.41169040 -0.70569530 0.00000000
0.47641790 -0.53226360 -0.69980110 0.00000000
-0.66371740 -0.73973400 0.11078430 0.00000000
0.28597240 0.73926190 -0.61544090 1.00000000

0.54544320 0.63613570 0.54573180 0.00000000
-0.56745280 -0.19891460 0.79901860 0.00000000
0.61683820 -0.74549620 0.25248060 0.00000000
-0.16091570 0.83637010 -0.05081011 1.00000000

0.79218180 0.27573090 0.54444530 0.00000000
-0.59313600 0.13785320 0.79321300 0.00000000
0.14365970 -0.95129870 0.27275090 0.00000000
-0.23471830 0.81049940 0.05310971 1.00000000

0.44560330 0.04595580 -0.89405020 0.00000000
0.64909590 -0.70436340 0.28731010 0.00000000
-0.61653270 -0.70835050 -0.34369640 0.00000000
-0.40648580 0.26512150 -0.08190897 1.00000000

0.29492100 0.05882664 -0.95370910 0.00000000
-0.45628060 -0.86828410 -0.19465590 0.00000000
-0.83954140 0.49256720 -0.22923380 0.00000000
-0.11940070 -0.19392900 0.03336563 1.00000000

0.40648690 0.06664149 -0.91122290 0.00000000
0.08178473 -0.99598680 -0.03635738 0.00000000
-0.90998890 -0.05974537 -0.41030590 0.00000000
-0.13269930 -0.03197676 0.03927751 1.00000000

0.50183930 0.29396860 0.81347430 0.00000000
-0.84746150 -0.02111681 0.53043710 0.00000000
0.17310970 -0.95558170 0.23853000 0.00000000
-0.38638940 0.84574990 0.25594270 1.00000000

0.56564050 0.35229930 0.74561140 0.00000000
-0.73239120 -0.20094500 0.65055710 0.00000000
0.37901770 -0.91406050 0.14435850 0.00000000
-0.58470990 0.84080810 0.38007400 1.00000000

0.53409430 0.34474440 0.77194240 0.00000000
-0.79703970 -0.09914079 0.59573420 0.00000000
0.28190690 -0.93344660 0.22182470 0.00000000
-0.67994840 0.81512170 0.45208980 1.00000000

0.09444860 0.19382950 0.97647860 0.00000000
-0.61712070 -0.75827170 0.21020610 0.00000000
0.78117980 -0.62245830 0.04799876 0.00000000
-0.62612900 0.81141870 0.38668780 1.00000000

0.62446260 0.40405580 0.66842030 0.00000000
-0.24774750 -0.70912940 0.66011920 0.00000000
0.74072120 -0.57781900 -0.34272070 0.00000000
-0.72066490 0.79273980 0.49550840 1.00000000

0.62013550 0.38955410 0.68094050 0.00000000
-0.40258820 -0.58695760 0.70242730 0.00000000
0.67331650 -0.70973840 -0.20716310 0.00000000
-0.70759280 0.81172810 0.47294150 1.00000000

0.47494770 0.32842890 0.81643100 0.00000000
-0.78331090 -0.26503810 0.56229830 0.00000000
0.40106030 -0.90658120 0.13138300 0.00000000
-0.72340940 0.80432350 0.44750690 1.00000000

0.56403210 0.47872190 0.67282520 0.00000000
-0.47670380 -0.47654370 0.73868830 0.00000000
0.67425640 -0.73738160 -0.04057714 0.00000000
-0.74581250 0.79673200 0.46351250 1.00000000

0.43334830 0.32153570 0.84191720 0.00000000
-0.89340660 0.03046660 0.44821510 0.00000000
0.11846690 -0.94640730 0.30046500 0.00000000
-0.69560970 0.80333550 0.43343420 1.00000000

0.65282740 0.35583350 0.66872950 0.00000000
-0.64907150 -0.19237690 0.73600130 0.00000000
0.39054190 -0.91453480 0.10537270 0.00000000
-0.66835360 0.82179410 0.46882890 1.00000000

0.69946790 0.40207340 0.59083150 0.00000000
-0.27412630 -0.61254460 0.74137990 0.00000000
0.65999980 -0.68053360 -0.31823630 0.00000000
-0.68664350 0.81637910 0.48962070 1.00000000

0.70992120 0.45184000 0.54023410 0.00000000
0.00399542 -0.76964290 0.63846250 0.00000000
0.70427020 -0.45109930 -0.54819080 0.00000000
-0.69406570 0.79988450 0.50950060 1.00000000

0.74671770 0.36819050 0.55393930 0.00000000
-0.53743520 -0.15669300 0.82862000 0.00000000
0.39188830 -0.91645140 0.08087341 0.00000000
-0.64843980 0.83127170 0.47745900 1.00000000

0.78487550 0.43144460 0.44477690 0.00000000
-0.05244556 -0.66895480 0.74145100 0.00000000
0.61743040 -0.60527290 -0.50241860 0.00000000
-0.66257040 0.82716410 0.49938290 1.00000000

0.77671040 0.49903440 0.38429930 0.00000000
0.25943330 -0.80944810 0.52677200 0.00000000
0.57394770 -0.30944890 -0.75817280 0.00000000
-0.66374110 0.81276390 0.51529210 1.00000000

0.36745010 0.44589220 0.81618680 0.00000000
-0.62224640 -0.53436670 0.57206820 0.00000000
0.69122370 -0.71807540 0.08110182 0.00000000
-0.65167990 0.77969060 0.39107000 1.00000000

0.30792410 0.38742030 0.86895830 0.00000000
-0.69650300 -0.53039450 0.48328640 0.00000000
0.64812560 -0.75404740 0.10651840 0.00000000
-0.67378190 0.76066240 0.41096850 1.00000000

-1.00000000 0.00000000 0.00000000 0.00000000
0.00000000 1.00000000 0.00000000 0.00000000
0.00000000 0.00000000 -1.00000000 0.00000000
0.00000000 -0.53900000 0.00000000 1.00000000

-0.46389360 -0.00942745 0.88584080 0.00000000
0.04480995 0.99841370 0.03409139 0.00000000
-0.88475700 0.05550926 -0.46273520 0.00000000
0.01038854 0.41858740 0.00547992 1.00000000

0.35879530 0.14199540 -0.92255280 0.00000000
-0.89744870 -0.21924380 -0.38277700 0.00000000
-0.25661640 0.96528230 0.04876998 0.00000000
-0.02285518 0.36347060 0.07867686 1.00000000

0.78532120 -0.01624371 -0.61887570 0.00000000
-0.46388680 -0.67743590 -0.57086770 0.00000000
-0.40997530 0.73540260 -0.53953980 0.00000000
0.05018312 0.36511350 -0.06544214 1.00000000

-0.54813840 0.12148390 0.82751790 0.00000000
-0.49864130 0.74686770 -0.43993830 0.00000000
-0.67149190 -0.65378170 -0.34881000 0.00000000
-0.17578090 0.88485230 -0.14450080 1.00000000

-0.60387990 0.05102217 0.79544080 0.00000000
-0.52851800 0.72138970 -0.44751070 0.00000000
-0.59665550 -0.69064740 -0.40866650 0.00000000
-0.12849640 0.84999410 -0.10636770 1.00000000

-0.32874040 -0.15737820 -0.93121540 0.00000000
0.94387600 -0.08822750 -0.31829920 0.00000000
-0.03206532 -0.98358950 0.17754930 0.00000000
0.03078439 0.81996970 -0.21205900 1.00000000

-0.48568730 -0.62723360 -0.60884010 0.00000000
0.84315970 -0.15239060 -0.51561560 0.00000000
0.23062990 -0.76377710 0.60287210 0.00000000
-0.07887639 0.83978960 -0.14499840 1.00000000

-0.65196150 -0.02233635 0.75792310 0.00000000
-0.48957400 0.77569270 -0.39826890 0.00000000
-0.57901960 -0.63071550 -0.51665710 0.00000000
-0.05661212 0.73609890 -0.04788969 1.00000000

-0.61864500 -0.00495364 0.78565510 0.00000000
-0.38884330 0.87085230 -0.30069440 0.00000000
-0.68270010 -0.49151980 -0.54067470 0.00000000
-0.00586192 0.62243900 -0.00864433 1.00000000

0.74902810 0.02790826 -0.66195060 0.00000000
0.41725640 -0.79595120 0.43858740 0.00000000
-0.51464000 -0.60471750 -0.60783460 0.00000000
-0.14831320 0.07523984 -0.30971540 1.00000000

0.69906840 -0.04350310 -0.71373050 0.00000000
0.03551678 -0.99480340 0.09542212 0.00000000
-0.71417230 -0.09205625 -0.69389030 0.00000000
0.02765942 -0.26044260 -0.12474670 1.00000000

0.77943120 -0.03370224 -0.62558100 0.00000000
-0.33133480 -0.86964590 -0.36596980 0.00000000
-0.53169960 0.49252480 -0.68899560 0.00000000
0.03340685 -0.42142460 -0.10930520 1.00000000

-0.58212330 0.00507163 0.81308480 0.00000000
-0.27186240 0.94121560 -0.20050920 0.00000000
-0.76630510 -0.33776820 -0.54652480 0.00000000
0.02518514 0.51495080 0.01425409 1.00000000

-0.97646880 0.06627631 -0.20522380 0.00000000
0.19768320 -0.10529520 -0.97459470 0.00000000
-0.08620142 -0.99223000 0.08971570 0.00000000
0.27204650 0.79741810 -0.29341880 1.00000000

-0.59306440 0.78239970 -0.19006760 0.00000000
0.18395970 -0.09814729 -0.97802190 0.00000000
-0.78385840 -0.61499430 -0.08572245 0.00000000
0.31831240 0.77277460 -0.52151380 1.00000000

-0.58420780 0.81094470 0.03271234 0.00000000
-0.52319230 -0.34548430 -0.77904480 0.00000000
-0.62046050 -0.47223850 0.62611480 0.00000000
0.29923080 0.78404050 -0.56647640 1.00000000

-0.78880880 0.54306500 -0.28785740 0.00000000
-0.53529870 -0.37683100 0.75594590 0.00000000
0.30205390 0.75038600 0.58794960 0.00000000
0.31698330 0.74656030 -0.65740510 1.00000000

-0.82718910 0.55342850 -0.09734294 0.00000000
0.15622450 0.39289760 0.90621530 0.00000000
0.53977100 0.73440350 -0.41145970 0.00000000
0.29998420 0.73470310 -0.63353890 1.00000000

-0.61410480 0.71317720 -0.33801520 0.00000000
-0.59656830 -0.69986610 -0.39280270 0.00000000
-0.51670310 -0.03957267 0.85525000 0.00000000
0.33739740 0.77065160 -0.64395700 1.00000000

-0.87081890 0.49160440 0.00039384 0.00000000
0.19510560 0.34487110 0.91814950 0.00000000
0.45123030 0.79961820 -0.39623480 0.00000000
0.28621640 0.75072950 -0.63527730 1.00000000

-0.82389400 0.52116260 -0.22268550 0.00000000
-0.48290600 -0.43988810 0.75716610 0.00000000
0.29664970 0.73136040 0.61409370 0.00000000
0.30115120 0.76424710 -0.65859060 1.00000000

-0.68042770 0.68229540 -0.26737930 0.00000000
-0.52747290 -0.70928730 -0.46763680 0.00000000
-0.50871500 -0.17715730 0.84251080 0.00000000
0.31839190 0.78779990 -0.64322800 1.00000000

-0.42516200 0.78057210 -0.45819720 0.00000000
-0.59849320 -0.62221070 -0.50463880 0.00000000
-0.67900220 0.05967477 0.73170750 0.00000000
0.35887550 0.73716940 -0.62382580 1.00000000

-0.53026490 0.73199360 -0.42779100 0.00000000
-0.53485300 -0.68031090 -0.50110830 0.00000000
-0.65783880 -0.03691462 0.75225390 0.00000000
0.35100280 0.75229340 -0.64117950 1.00000000

-0.71827960 0.57197730 -0.39612760 0.00000000
-0.65650270 -0.36864880 0.65810540 0.00000000
0.23038900 0.73276220 0.64029770 0.00000000
0.33638740 0.73379590 -0.65486820 1.00000000

-0.71480520 0.57848900 -0.39294330 0.00000000
-0.54173190 -0.10271380 0.83425240 0.00000000
0.44224490 0.80919750 0.38680630 0.00000000
0.34254490 0.72008880 -0.63758710 1.00000000

-0.77368210 0.62424120 -0.10834730 0.00000000
0.29833290 0.50980420 0.80690610 0.00000000
0.55893980 0.59196500 -0.58065810 0.00000000
0.33063880 0.71785210 -0.61929550 1.00000000

-0.80231210 0.58042160 -0.13930740 0.00000000
0.18068140 0.45858480 0.87008890 0.00000000
0.56890250 0.67291240 -0.47279940 0.00000000
0.31920960 0.72411670 -0.63761030 1.00000000

-0.71424230 0.67536490 -0.18368650 0.00000000
-0.13841550 -0.39356440 -0.90881740 0.00000000
-0.68607560 -0.62369020 0.37458130 0.00000000
0.27598920 0.77354480 -0.59742440 1.00000000

-0.62681010 0.41316070 -0.66061190 0.00000000
0.44859940 -0.50186310 -0.73952190 0.00000000
-0.63707810 -0.75988940 0.12922920 0.00000000
0.27073990 0.75962880 -0.63020960 1.00000000

0.54195180 0.63779070 0.54727660 0.00000000
-0.59008560 -0.17489830 0.78816870 0.00000000
0.59840430 -0.75008930 0.28156480 0.00000000
-0.15923890 0.83662850 -0.05219319 1.00000000

0.79738450 0.24494240 0.55152670 0.00000000
-0.59510870 0.16753680 0.78598820 0.00000000
0.10012070 -0.95495280 0.27935880 0.00000000
-0.23598510 0.81388130 0.05031553 1.00000000

0.45116400 0.04206888 -0.89144920 0.00000000
0.64273800 -0.70831020 0.29186450 0.00000000
-0.61914400 -0.70464700 -0.34660330 0.00000000
-0.40674700 0.26968700 -0.08505945 1.00000000

0.29085230 0.06065783 -0.95484350 0.00000000
-0.44742100 -0.87351910 -0.19177940 0.00000000
-0.84570670 0.48299630 -0.22692540 0.00000000
-0.12058900 -0.19088110 0.03231974 1.00000000

0.40247670 0.06975771 -0.91276880 0.00000000
0.09257443 -0.99508260 -0.03522870 0.00000000
-0.91073780 -0.07032037 -0.40695540 0.00000000
-0.13564210 -0.02907604 0.03804809 1.00000000

0.47943880 0.27740930 0.83257620 0.00000000
-0.86750910 0.00653043 0.49737890 0.00000000
0.13254030 -0.96072970 0.24378620 0.00000000
-0.38816070 0.85672220 0.25130110 1.00000000

0.63284430 0.34148200 0.69490900 0.00000000
-0.71012260 -0.10173090 0.69669030 0.00000000
0.30860080 -0.93436660 0.17811440 0.00000000
-0.59117270 0.85825040 0.36769630 1.00000000

0.60183890 0.33815540 0.72349240 0.00000000
-0.76986010 0.00473787 0.63819540 0.00000000
0.21238130 -0.94107840 0.26318400 0.00000000
-0.68416310 0.84478960 0.44572200 1.00000000

0.16332470 0.23694460 0.95769670 0.00000000
-0.66596870 -0.68971530 0.28421680 0.00000000
0.72788140 -0.68421510 0.04515016 0.00000000
-0.63448120 0.83294950 0.37805230 1.00000000

0.69086890 0.38246660 0.61353060 0.00000000
-0.27902600 -0.64181400 0.71429670 0.00000000
0.66696690 -0.66467600 -0.33669100 0.00000000
-0.72441910 0.82865770 0.49231740 1.00000000

0.68602040 0.36954360 0.62674890 0.00000000
-0.41768290 -0.50530550 0.75512110 0.00000000
0.59574970 -0.77981040 -0.19229770 0.00000000
-0.71085100 0.84500900 0.46804310 1.00000000

0.54385090 0.32922720 0.77190420 0.00000000
-0.77297750 -0.16156590 0.61351680 0.00000000
0.32669970 -0.93032590 0.16661760 0.00000000
-0.72856830 0.83761830 0.44390580 1.00000000

0.64569650 0.47244700 0.59989180 0.00000000
-0.46950130 -0.37393100 0.79984050 0.00000000
0.60220040 -0.79810390 -0.01963124 0.00000000
-0.75068100 0.83298210 0.46137720 1.00000000

0.50358310 0.32747840 0.79947640 0.00000000
-0.86230120 0.13342710 0.48850180 0.00000000
0.05330187 -0.93539060 0.34957680 0.00000000
-0.70174660 0.83341990 0.42858240 1.00000000

0.71573110 0.33305470 0.61384380 0.00000000
-0.62267480 -0.09367591 0.77685370 0.00000000
0.31623700 -0.93824310 0.14033820 0.00000000
-0.67115740 0.85132090 0.46144940 1.00000000

0.76164750 0.37016510 0.53185700 0.00000000
-0.28841980 -0.54133320 0.78979290 0.00000000
0.58026530 -0.75494120 -0.30554180 0.00000000
-0.68870000 0.84869010 0.48339170 1.00000000

0.77378900 0.41545810 0.47816930 0.00000000
-0.03269845 -0.72766850 0.68514970 0.00000000
0.63259940 -0.54579610 -0.54947690 0.00000000
-0.69651130 0.83411190 0.50457750 1.00000000

0.80369900 0.33133920 0.49425010 0.00000000
-0.50375350 -0.06321631 0.86153160 0.00000000
0.31670360 -0.94139170 0.11610650 0.00000000
-0.65008120 0.85948950 0.46851560 1.00000000

0.84106210 0.38370380 0.38129550 0.00000000
-0.07581633 -0.61430350 0.78541930 0.00000000
0.53559950 -0.68949440 -0.48757630 0.00000000
-0.66331770 0.85784700 0.49130360 1.00000000

0.83608860 0.44761690 0.31716840 0.00000000
0.21002810 -0.79527390 0.56870730 0.00000000
0.50679840 -0.40887510 -0.75893120 0.00000000
-0.66499390 0.84462400 0.50816140 1.00000000

0.44730470 0.45550790 0.76969580 0.00000000
-0.63266180 -0.44715150 0.63229340 0.00000000
0.63218520 -0.76978450 0.08816960 0.00000000
-0.66231770 0.80383010 0.38553070 1.00000000

0.38606130 0.40531270 0.82866070 0.00000000
-0.71104870 -0.44153220 0.54722900 0.00000000
0.58767910 -0.80048170 0.11773870 0.00000000
-0.68481650 0.78787750 0.40757230 1.00000000

-1.00000000 0.00000000 0.00000000 0.00000000
0.00000000 1.00000000 0.00000000 0.00000000
0.00000000 0.00000000 -1.00000000 0.00000000
0.00000000 -0.53900000 0.00000000 1.00000000

-0.47032770 -0.00795138 0.88245600 0.00000000
0.04711466 0.99830700 0.03410623 0.00000000
-0.88123330 0.05761771 -0.46915690 0.00000000
0.01070104 0.41852910 0.00588373 1.00000000

0.36692640 0.14055880 -0.91956970 0.00000000
-0.89676460 -0.20938960 -0.38983260 0.00000000
-0.24734260 0.96767730 0.04921757 0.00000000
-0.02321343 0.36352130 0.07885471 1.00000000

0.78960110 -0.01960270 -0.61330740 0.00000000
-0.46308550 -0.67479770 -0.57463030 0.00000000
-0.40259410 0.73774240 -0.54189870 0.00000000
0.05087199 0.36493040 -0.06473129 1.00000000

-0.55367930 0.12368210 0.82349370 0.00000000
-0.49443390 0.74689680 -0.44461260 0.00000000
-0.67005540 -0.65333590 -0.35238870 0.00000000
-0.17348170 0.88487960 -0.14588830 1.00000000

-0.60930460 0.05325225 0.79114600 0.00000000
-0.52429650 0.72145170 -0.45235040 0.00000000
-0.59486220 -0.69041420 -0.41166380 0.00000000
-0.12651640 0.85001270 -0.10737080 1.00000000

-0.37344250 -0.13463980 -0.91783070 0.00000000
0.92763450 -0.06052616 -0.36855280 0.00000000
-0.00593073 -0.98904440 0.14749950 0.00000000
0.03195128 0.82108220 -0.21475360 1.00000000

-0.49180510 -0.62701880 -0.60413180 0.00000000
0.83497660 -0.14291000 -0.53140490 0.00000000
0.24686440 -0.76578330 0.59382980 0.00000000
-0.07664520 0.83966900 -0.14563940 1.00000000

-0.65723700 -0.02009500 0.75341610 0.00000000
-0.48561200 0.77577690 -0.40292860 0.00000000
-0.57638590 -0.63068740 -0.51962760 0.00000000
-0.05521381 0.73610510 -0.04820865 1.00000000

-0.62410780 -0.00279537 0.78133320 0.00000000
-0.38506650 0.87122080 -0.30446370 0.00000000
-0.67986270 -0.49088340 -0.54481210 0.00000000
-0.00495655 0.62239710 -0.00847132 1.00000000

0.75460880 0.02564922 -0.65567340 0.00000000
0.41118030 -0.79720330 0.44203810 0.00000000
-0.51136710 -0.60316580 -0.61212310 0.00000000
-0.14728150 0.07618564 -0.31061460 1.00000000

0.69762300 -0.04069335 -0.71530850 0.00000000
0.04060014 -0.99453600 0.09617472 0.00000000
-0.71531390 -0.09613521 -0.69215920 0.00000000
0.02612859 -0.26002480 -0.12419060 1.00000000

0.77814010 -0.03042493 -0.62735330 0.00000000
-0.32792330 -0.87156530 -0.36447240 0.00000000
-0.53569050 0.48933430 -0.68817710 0.00000000
0.03269859 -0.42096350 -0.10862730 1.00000000

-0.58778650 0.00712210 0.80898480 0.00000000
-0.26826790 0.94166850 -0.20320640 0.00000000
-0.76324270 -0.33646660 -0.55158940 0.00000000
0.02568001 0.51485720 0.01473513 1.00000000

-0.98593590 0.05275740 -0.15857820 0.00000000
0.15469790 -0.07094004 -0.98541160 0.00000000
-0.06323716 -0.99608440 0.06178087 0.00000000
0.26906190 0.80561130 -0.30895860 1.00000000

-0.62122300 0.77126250 -0.13869550 0.00000000
0.12940580 -0.07359390 -0.98885710 0.00000000
-0.77287550 -0.63224850 -0.05408770 0.00000000
0.30526760 0.78900840 -0.53958530 1.00000000

-0.60018360 0.79546250 0.08378112 0.00000000
-0.55908170 -0.34229590 -0.75515680 0.00000000
-0.57202090 -0.50007270 0.65016880 0.00000000
0.28336180 0.80071620 -0.58312520 1.00000000

-0.81662740 0.52922250 -0.23031160 0.00000000
-0.48176040 -0.40526600 0.77695980 0.00000000
0.31784710 0.74544150 0.58590970 0.00000000
0.29670540 0.76554920 -0.67571650 1.00000000

-0.84417080 0.53474510 -0.03773156 0.00000000
0.19906240 0.37804380 0.90413350 0.00000000
0.49774500 0.75573180 -0.42558130 0.00000000
0.28139580 0.75279190 -0.65118040 1.00000000

-0.64914640 0.70457770 -0.28666950 0.00000000
-0.60169980 -0.70619070 -0.37316510 0.00000000
-0.46536700 -0.06974974 0.88236540 0.00000000
0.31729220 0.78985690 -0.66293740 1.00000000

-0.88062140 0.46988170 0.06097162 0.00000000
0.23968260 0.33075640 0.91277190 0.00000000
0.40872800 0.81842020 -0.40389370 0.00000000
0.26717890 0.76850620 -0.65177770 1.00000000

-0.84736660 0.50513610 -0.16373090 0.00000000
-0.42792150 -0.46702430 0.77380310 0.00000000
0.31440940 0.72575870 0.61189960 0.00000000
0.28042100 0.78286110 -0.67560770 1.00000000

-0.71053650 0.67063460 -0.21304220 0.00000000
-0.53684070 -0.71237620 -0.45202010 0.00000000
-0.45490660 -0.20680690 0.86619330 0.00000000
0.29796400 0.80651300 -0.66074760 1.00000000

-0.46909290 0.77904890 -0.41597490 0.00000000
-0.61190060 -0.62633910 -0.48298760 0.00000000
-0.63681230 0.02796923 0.77051160 0.00000000
0.34067590 0.75651010 -0.64480380 1.00000000

-0.57109660 0.72728370 -0.38066700 0.00000000
-0.54681910 -0.68291310 -0.48437450 0.00000000
-0.61224000 -0.06846862 0.78770190 0.00000000
0.33146170 0.77178660 -0.66134450 1.00000000

-0.75316720 0.56206890 -0.34178640 0.00000000
-0.60857220 -0.39807750 0.68642140 0.00000000
0.24975850 0.72499150 0.64187850 0.00000000
0.31651750 0.75321800 -0.67457380 1.00000000

-0.74966820 0.56859800 -0.33866500 0.00000000
-0.49008050 -0.13304660 0.86146370 0.00000000
0.44476830 0.81178480 0.37839970 0.00000000
0.32398240 0.73931660 -0.65797660 1.00000000

-0.79306290 0.60706500 -0.05023506 0.00000000
0.33241860 0.50042060 0.79942310 0.00000000
0.51044020 0.61729340 -0.59866480 0.00000000
0.31320840 0.73641430 -0.63908630 1.00000000

-0.82239890 0.56319420 -0.08045310 0.00000000
0.21984590 0.44503770 0.86810670 0.00000000
0.52471720 0.69624260 -0.48981420 0.00000000
0.30059680 0.74276800 -0.65657580 1.00000000

-0.73928860 0.66116570 -0.12772150 0.00000000
-0.18142290 -0.37821820 -0.90776470 0.00000000
-0.64848950 -0.64792810 0.39956290 0.00000000
0.25862350 0.79028490 -0.61291310 1.00000000

-0.67343240 0.41098850 -0.61447350 0.00000000
0.41676740 -0.47545010 -0.77475960 0.00000000
-0.61056860 -0.77784040 0.14889700 0.00000000
0.25181670 0.77691610 -0.64563950 1.00000000

0.53748550 0.64011440 0.54896520 0.00000000
-0.61300980 -0.15044800 0.77561870 0.00000000
0.57907550 -0.75340490 0.31153280 0.00000000
-0.15765440 0.83678310 -0.05338912 1.00000000

0.80030850 0.21320910 0.56040020 0.00000000
-0.59702630 0.19705430 0.77764340 0.00000000
0.05537141 -0.95692820 0.28499570 0.00000000
-0.23738200 0.81721600 0.04748735 1.00000000

0.45621240 0.03823646 -0.88904920 0.00000000
0.63688780 -0.71178450 0.29620410 0.00000000
-0.62148560 -0.70135650 -0.34907730 0.00000000
-0.40681260 0.27395300 -0.08789970 1.00000000

0.28867810 0.06146886 -0.95545110 0.00000000
-0.44191430 -0.87672190 -0.18992300 0.00000000
-0.84933910 0.47705380 -0.22592650 0.00000000
-0.12204970 -0.18798280 0.03147228 1.00000000

0.40031650 0.07136580 -0.91359390 0.00000000
0.09917086 -0.99448140 -0.03422990 0.00000000
-0.91099510 -0.07689922 -0.40518480 0.00000000
-0.13817540 -0.02627534 0.03703824 1.00000000

0.45276570 0.26202080 0.85226060 0.00000000
-0.88697820 0.03485269 0.46049430 0.00000000
0.09095560 -0.96443270 0.24818690 0.00000000
-0.39004800 0.86760480 0.24633900 1.00000000

0.69249830 0.31569430 0.64867800 0.00000000
-0.68182450 -0.00738611 0.73147840 0.00000000
0.23571490 -0.94883220 0.21013330 0.00000000
-0.59761600 0.87576100 0.35410250 1.00000000

0.66209380 0.31653350 0.67929240 0.00000000
-0.73621580 0.10531340 0.66850240 0.00000000
0.14006490 -0.94271730 0.30276440 0.00000000
-0.68754910 0.87405780 0.43671960 1.00000000

0.22896450 0.26476860 0.93673520 0.00000000
-0.70808820 -0.61502960 0.34691520 0.00000000
0.66797210 -0.74272220 0.04665974 0.00000000
-0.64238180 0.85485370 0.36759100 1.00000000

0.74867690 0.34580670 0.56559750 0.00000000
-0.31213330 -0.56880990 0.76093900 0.00000000
0.58485540 -0.74623950 -0.31791680 0.00000000
-0.72709450 0.86415650 0.48574420 1.00000000

0.74342880 0.33466740 0.57906070 0.00000000
-0.43200170 -0.42067140 0.79775330 0.00000000
0.51057650 -0.84322790 -0.16816230 0.00000000
-0.71305680 0.87777300 0.46008800 1.00000000

0.60555890 0.31471740 0.73092480 0.00000000
-0.75639770 -0.05780637 0.65155250 0.00000000
0.24730720 -0.94742350 0.20304650 0.00000000
-0.73244980 0.87082640 0.43716370 1.00000000

0.71872400 0.44823200 0.53153000 0.00000000
-0.45842100 -0.26928940 0.84695540 0.00000000
0.52276800 -0.85239180 0.01193447 0.00000000
-0.75409310 0.86915480 0.45572410 1.00000000

0.56723290 0.31794320 0.75970970 0.00000000
-0.82345620 0.23342340 0.51713950 0.00000000
-0.01291293 -0.91892650 0.39421780 0.00000000
-0.70684670 0.86351200 0.42095220 1.00000000

0.77035340 0.29594580 0.56477570 0.00000000
-0.59127250 0.00004329 0.80647200 0.00000000
0.23864760 -0.95520470 0.17501800 0.00000000
-0.67328940 0.88012700 0.45151760 1.00000000

0.81501410 0.32409690 0.48032610 0.00000000
-0.30237590 -0.46924210 0.82968710 0.00000000
0.49428840 -0.82144580 -0.28443970 0.00000000
-0.68994410 0.88013930 0.47429380 1.00000000

0.82886180 0.36466210 0.42427510 0.00000000
-0.07236208 -0.68212350 0.72764770 0.00000000
0.55475380 -0.63382070 -0.53899870 0.00000000
-0.69813450 0.86750220 0.49655580 1.00000000

0.85167660 0.28153650 0.44202230 0.00000000
-0.46656920 0.02322526 0.88417970 0.00000000
0.23866310 -0.95926940 0.15113690 0.00000000
-0.65127550 0.88672540 0.45723710 1.00000000

0.88783960 0.32302400 0.32771410 0.00000000
-0.10232750 -0.55575470 0.82502480 0.00000000
0.44863160 -0.76602390 -0.46036640 0.00000000
-0.66352630 0.88736120 0.48061890 1.00000000

0.88646730 0.38267340 0.26026270 0.00000000
0.15444840 -0.77476100 0.61309980 0.00000000
0.43625840 -0.50329580 -0.74590340 0.00000000
-0.66577480 0.87539980 0.49833090 1.00000000

0.52121960 0.44883230 0.72586480 0.00000000
-0.63740730 -0.36083080 0.68081770 0.00000000
0.56748740 -0.81752720 0.09801710 0.00000000
-0.67221580 0.82865840 0.37771390 1.00000000

0.45881750 0.40692540 0.78987210 0.00000000
-0.71903320 -0.35220580 0.59911790 0.00000000
0.52199410 -0.84283030 0.13099500 0.00000000
-0.69490910 0.81575580 0.40148460 1.00000000

-1.00000000 0.00000000 0.00000000 0.00000000
0.00000000 1.00000000 0.00000000 0.00000000
0.00000000 0.00000000 -1.00000000 0.00000000
0.00000000 -0.53900000 0.00000000 1.00000000

-0.47637120 -0.00647581 0.87922050 0.00000000
0.04935988 0.99819890 0.03409586 0.00000000
-0.87785770 0.05964050 -0.47519360 0.00000000
0.01106327 0.41846810 0.00645824 1.00000000

0.37460350 0.13945490 -0.91663780 0.00000000
-0.89587090 -0.20032300 -0.39659330 0.00000000
-0.23893050 0.96975410 0.04989189 0.00000000
-0.02348607 0.36357020 0.07921378 1.00000000

0.79359850 -0.02236846 -0.60803060 0.00000000
-0.46235010 -0.67178030 -0.57874330 0.00000000
-0.39551730 0.74041280 -0.54346590 0.00000000
0.05158304 0.36474510 -0.06386250 1.00000000

-0.55879790 0.12604370 0.81966940 0.00000000
-0.49081940 0.74642180 -0.44938930 0.00000000
-0.66846180 -0.65342730 -0.35523430 0.00000000
-0.17135790 0.88473930 -0.14714050 1.00000000

-0.61428780 0.05559951 0.78712100 0.00000000
-0.52065800 0.72099010 -0.45726210 0.00000000
-0.59293000 -0.69071130 -0.41394710 0.00000000
-0.12467520 0.84990920 -0.10824790 1.00000000

-0.42284160 -0.11541540 -0.89882420 0.00000000
0.90608730 -0.03794188 -0.42138660 0.00000000
0.01453165 -0.99259260 0.12061970 0.00000000
0.03271054 0.82186880 -0.21757200 1.00000000

-0.49985100 -0.62782600 -0.59664370 0.00000000
0.82486920 -0.13503480 -0.54895990 0.00000000
0.26408380 -0.76655090 0.58537150 0.00000000
-0.07457139 0.83943130 -0.14617470 1.00000000

-0.66205350 -0.01778160 0.74924570 0.00000000
-0.48223410 0.77538410 -0.40771300 0.00000000
-0.57370330 -0.63123950 -0.52192060 0.00000000
-0.05386860 0.73605940 -0.04838327 1.00000000

-0.62911890 -0.00057779 0.77730890 0.00000000
-0.38176060 0.87131520 -0.30833230 0.00000000
-0.67710280 -0.49072350 -0.54838140 0.00000000
-0.00404282 0.62233910 -0.00814105 1.00000000

0.75595700 0.01926265 -0.65433780 0.00000000
0.40569510 -0.79825310 0.44520060 0.00000000
-0.51375140 -0.60201410 -0.61125980 0.00000000
-0.14625570 0.07729155 -0.31150580 1.00000000

0.69547380 -0.04410610 -0.71719660 0.00000000
0.04144203 -0.99399080 0.10131520 0.00000000
-0.71735550 -0.10018410 -0.68946670 0.00000000
0.02484103 -0.25936170 -0.12374800 1.00000000

0.77625140 -0.03332874 -0.62954190 0.00000000
-0.32854420 -0.87365960 -0.35885620 0.00000000
-0.53804490 0.48539490 -0.68912950 0.00000000
0.03154730 -0.42021210 -0.10735290 1.00000000

-0.59300540 0.00921586 0.80514590 0.00000000
-0.26500030 0.94199540 -0.20596010 0.00000000
-0.76034180 -0.33549930 -0.55616620 0.00000000
0.02622058 0.51476190 0.01537988 1.00000000

-0.99328980 0.04194496 -0.10777940 0.00000000
0.10601710 -0.04219122 -0.99346920 0.00000000
-0.04621810 -0.99822880 0.03746106 0.00000000
0.26431350 0.81217060 -0.32528170 1.00000000

-0.64304710 0.76037660 -0.09120575 0.00000000
0.07813385 -0.05333301 -0.99551560 0.00000000
-0.76183090 -0.64728920 -0.02511573 0.00000000
0.28912590 0.80229620 -0.55779420 1.00000000

-0.61070630 0.78106920 0.13026660 0.00000000
-0.59144080 -0.34053730 -0.73091220 0.00000000
-0.52653210 -0.52341730 0.66992450 0.00000000
0.26470760 0.81431060 -0.59989020 1.00000000

-0.83815290 0.51594560 -0.17691970 0.00000000
-0.43158090 -0.42899580 0.79353700 0.00000000
0.33352370 0.74146030 0.58223640 0.00000000
0.27381500 0.78107710 -0.69370110 1.00000000

-0.85553080 0.51747630 0.01691490 0.00000000
0.23920130 0.36606940 0.89932010 0.00000000
0.45918450 0.77344150 -0.43696450 0.00000000
0.26008950 0.76756840 -0.66863580 1.00000000

-0.67745100 0.69575120 -0.23872810 0.00000000
-0.60640200 -0.71195580 -0.35411280 0.00000000
-0.41633820 -0.09512856 0.90422000 0.00000000
0.29456030 0.80558160 -0.68157120 1.00000000

-0.88537840 0.45012340 0.11616680 0.00000000
0.28116260 0.31950030 0.90491320 0.00000000
0.37020700 0.83385180 -0.40943640 0.00000000
0.24554880 0.78298870 -0.66818670 1.00000000

-0.86482240 0.49004300 -0.10927470 0.00000000
-0.37675890 -0.48954370 0.78638420 0.00000000
0.33186700 0.72125240 0.60799680 0.00000000
0.25721590 0.79803830 -0.69240810 1.00000000

-0.73414990 0.65922730 -0.16261580 0.00000000
-0.54571310 -0.71537980 -0.43638220 0.00000000
-0.40400670 -0.23162790 0.88494490 0.00000000
0.27504590 0.82178680 -0.67805200 1.00000000

-0.50605030 0.77626700 -0.37592920 0.00000000
-0.62402140 -0.63040360 -0.46172380 0.00000000
-0.59540790 0.00093266 0.80342330 0.00000000
0.31953810 0.77241770 -0.66532650 1.00000000

-0.60497620 0.72175340 -0.33626870 0.00000000
-0.55798480 -0.68556430 -0.46760540 0.00000000
-0.56802930 -0.09525695 0.81747730 0.00000000
0.30915380 0.78778770 -0.68106790 1.00000000

-0.78137610 0.55208710 -0.29095000 0.00000000
-0.56314230 -0.42287060 0.70996560 0.00000000
0.26892850 0.71859630 0.64132490 0.00000000
0.29390300 0.76914650 -0.69383720 1.00000000

-0.77784790 0.55863210 -0.28789540 0.00000000
-0.44085360 -0.15855060 0.88346490 0.00000000
0.44788540 0.81412060 0.36960340 0.00000000
0.30251640 0.75511330 -0.67792120 1.00000000

-0.80661910 0.59106420 0.00309435 0.00000000
0.36432640 0.49305650 0.79003950 0.00000000
0.46543780 0.63838760 -0.61304870 0.00000000
0.29282160 0.75165110 -0.65854670 1.00000000

-0.83663400 0.54712880 -0.02635333 0.00000000
0.25669420 0.43411280 0.86351310 0.00000000
0.48389270 0.71567900 -0.50363820 0.00000000
0.27917360 0.75804720 -0.67522400 1.00000000

-0.75813250 0.64764650 -0.07609028 0.00000000
-0.22177960 -0.36580870 -0.90387990 0.00000000
-0.61322870 -0.66838470 0.42096620 0.00000000
0.23863570 0.80389100 -0.62852230 1.00000000

-0.71322980 0.40756860 -0.57025590 0.00000000
0.38446070 -0.45279230 -0.80446880 0.00000000
-0.58608340 -0.79301150 0.16625090 0.00000000
0.23036890 0.79096390 -0.66108950 1.00000000

0.53203090 0.64305100 0.55084340 0.00000000
-0.63538200 -0.12680630 0.76171520 0.00000000
0.55967210 -0.75525180 0.34111840 0.00000000
-0.15617070 0.83682940 -0.05443745 1.00000000

0.79906500 0.18262650 0.57283750 0.00000000
-0.60112210 0.22342860 0.76728860 0.00000000
0.01213889 -0.95745860 0.28831490 0.00000000
-0.23880810 0.82033700 0.04463070 1.00000000

0.46067010 0.03455653 -0.88689870 0.00000000
0.63159470 -0.71481640 0.30020930 0.00000000
-0.62359550 -0.69845790 -0.35112030 0.00000000
-0.40670290 0.27788010 -0.09043258 1.00000000

0.28796800 0.06146744 -0.95566550 0.00000000
-0.43893060 -0.87846930 -0.18876400 0.00000000
-0.85112550 0.47382870 -0.22599110 0.00000000
-0.12360770 -0.18528280 0.03079185 1.00000000

0.39959250 0.07180073 -0.91387680 0.00000000
0.10264490 -0.99416300 -0.03322714 0.00000000
-0.91092810 -0.08052756 -0.40463010 0.00000000
-0.14029830 -0.02362716 0.03619473 1.00000000

0.42269780 0.24822620 0.87161370 0.00000000
-0.90484510 0.06166872 0.42125110 0.00000000
0.05081415 -0.96673720 0.25067360 0.00000000
-0.39252140 0.87747010 0.24083460 1.00000000

0.72858150 0.28033860 0.62496340 0.00000000
-0.66490230 0.07028149 0.74361630 0.00000000
0.16454090 -0.95732490 0.23760370 0.00000000
-0.60427060 0.89190160 0.33941450 1.00000000

0.69819240 0.28482170 0.65681340 0.00000000
-0.71273260 0.19019490 0.67515780 0.00000000
0.06737694 -0.93952240 0.33579450 0.00000000
-0.69231780 0.90000060 0.42366720 1.00000000

0.26857700 0.27566850 0.92296990 0.00000000
-0.74696970 -0.54538290 0.38025470 0.00000000
0.60819630 -0.79155810 0.05943896 0.00000000
-0.65025400 0.87506040 0.35441220 1.00000000

0.78355000 0.30107870 0.54350790 0.00000000
-0.35630350 -0.49889610 0.79003210 0.00000000
0.50901560 -0.81268350 -0.28363440 0.00000000
-0.73188160 0.89554160 0.47363790 1.00000000

0.77787230 0.29165440 0.55664410 0.00000000
-0.45793110 -0.34354060 0.81992630 0.00000000
0.43036490 -0.89270250 -0.13367290 0.00000000
-0.71700260 0.90666400 0.44726360 1.00000000

0.64224850 0.28898630 0.70993260 0.00000000
-0.74781060 0.03297424 0.66309270 0.00000000
0.16821510 -0.95676520 0.23728470 0.00000000
-0.73731820 0.90047320 0.42496570 1.00000000

0.76892280 0.41286720 0.48815830 0.00000000
-0.45898730 -0.17505170 0.87102680 0.00000000
0.44507120 -0.89381070 0.05489963 0.00000000
-0.75871860 0.90139590 0.44385710 1.00000000

0.60564340 0.29631580 0.73850720 0.00000000
-0.79166530 0.31813180 0.52159190 0.00000000
-0.08038668 -0.90054920 0.42725750 0.00000000
-0.71271070 0.89052060 0.40861810 1.00000000

0.80282830 0.25127800 0.54067210 0.00000000
-0.57346140 0.07733618 0.81557420 0.00000000
0.16312210 -0.96482040 0.20618600 0.00000000
-0.67731910 0.90538960 0.43799030 1.00000000

0.84737150 0.27184340 0.45613890 0.00000000
-0.32911400 -0.40524880 0.85291110 0.00000000
0.41670800 -0.87285420 -0.25392870 0.00000000
-0.69347010 0.90758090 0.46102250 1.00000000

0.86369720 0.30803960 0.39892190 0.00000000
-0.12309300 -0.63860630 0.75962520 0.00000000
0.48874840 -0.70519040 -0.51364490 0.00000000
-0.70238170 0.89666800 0.48391070 1.00000000

0.87985650 0.22709800 0.41746760 0.00000000
-0.44619970 0.09239403 0.89015110 0.00000000
0.16358010 -0.96947910 0.18262470 0.00000000
-0.65473930 0.91039830 0.44308250 1.00000000

0.91648570 0.25922240 0.30472550 0.00000000
-0.14255480 -0.50009040 0.85415920 0.00000000
0.37380730 -0.82626490 -0.42137190 0.00000000
-0.66645010 0.91285620 0.46662020 1.00000000

0.91977090 0.31452000 0.23473190 0.00000000
0.08913368 -0.74989170 0.65552870 0.00000000
0.38220030 -0.58201330 -0.71776270 0.00000000
-0.66956480 0.90209470 0.48495940 1.00000000

0.56997130 0.42907070 0.70073600 0.00000000
-0.64953920 -0.28701790 0.70407360 0.00000000
0.50322120 -0.85645720 0.11510640 0.00000000
-0.68184190 0.85165630 0.36595260 1.00000000

0.50580790 0.39432950 0.76724350 0.00000000
-0.73191560 -0.27456220 0.62363080 0.00000000
0.45657210 -0.87699470 0.14974030 0.00000000
-0.70498130 0.84136680 0.39055350 1.00000000

-1.00000000 0.00000000 0.00000000 0.00000000
0.00000000 1.00000000 0.00000000 0.00000000
0.00000000 0.00000000 -1.00000000 0.00000000
0.00000000 -0.53900000 0.00000000 1.00000000

-0.48186080 -0.00504173 0.87623330 0.00000000
0.05150903 0.99809120 0.03406888 0.00000000
-0.87473260 0.06155038 -0.48068130 0.00000000
0.01146281 0.41839920 0.00708578 1.00000000

0.38164200 0.13867480 -0.91384830 0.00000000
-0.89487140 -0.19210100 -0.40286770 0.00000000
-0.23141880 0.97152790 0.05078229 0.00000000
-0.02366959 0.36360860 0.07964273 1.00000000

0.79721100 -0.02456043 -0.60320130 0.00000000
-0.46174940 -0.66846510 -0.58304560 0.00000000
-0.38889900 0.74333800 -0.54424830 0.00000000
0.05229319 0.36455600 -0.06296279 1.00000000

-0.56335310 0.12849850 0.81616260 0.00000000
-0.48786550 0.74549480 -0.45411960 0.00000000
-0.66679870 -0.65400720 -0.35728680 0.00000000
-0.16945350 0.88444230 -0.14831700 1.00000000

-0.61869620 0.05799819 0.78348640 0.00000000
-0.51767290 0.72005810 -0.46209400 0.00000000
-0.59095650 -0.69148560 -0.41547330 0.00000000
-0.12301020 0.84969000 -0.10906960 1.00000000

-0.47372290 -0.09965418 -0.87501760 0.00000000
0.88021730 -0.02158281 -0.47407990 0.00000000
0.02835867 -0.99478800 0.09794149 0.00000000
0.03308233 0.82234700 -0.22047940 1.00000000

-0.50907340 -0.62957370 -0.58692530 0.00000000
0.81332800 -0.12870140 -0.56739180 0.00000000
